2.183636836707592010e-02 9.781636595726013184e-01
1.318635325878858566e-02 9.868136644363403320e-01
1.031937077641487122e-02 9.896805882453918457e-01
1.495872717350721359e-02 9.850412607192993164e-01
2.100926451385021210e-02 9.789907932281494141e-01
1.952818594872951508e-02 9.804717898368835449e-01
2.466548234224319458e-02 9.753344655036926270e-01
1.573392376303672791e-02 9.842660427093505859e-01
1.052508223801851273e-02 9.894748926162719727e-01
1.688997633755207062e-02 9.831100106239318848e-01
1.218774635344743729e-02 9.878122210502624512e-01
1.553979981690645218e-02 9.844601750373840332e-01
2.188440226018428802e-02 9.781156182289123535e-01
1.589481160044670105e-02 9.841051697731018066e-01
1.339972950518131256e-02 9.866002798080444336e-01
1.816350780427455902e-02 9.818365573883056641e-01
2.084420621395111084e-02 9.791557788848876953e-01
1.297773886471986771e-02 9.870222806930541992e-01
1.658323034644126892e-02 9.834167361259460449e-01
1.720603182911872864e-02 9.827939271926879883e-01
1.597747206687927246e-02 9.840224981307983398e-01
2.120278589427471161e-02 9.787972569465637207e-01
1.359901390969753265e-02 9.864009618759155273e-01
1.764938607811927795e-02 9.823505878448486328e-01
2.133222483098506927e-02 9.786677956581115723e-01
1.410700194537639618e-02 9.858930110931396484e-01
1.067422330379486084e-02 9.893257617950439453e-01
1.455539092421531677e-02 9.854446053504943848e-01
1.364089548587799072e-02 9.863590598106384277e-01
2.335745841264724731e-02 9.766426086425781250e-01
2.575156837701797485e-02 9.742484688758850098e-01
1.037857402116060257e-02 9.896214008331298828e-01
1.522039808332920074e-02 9.847795963287353516e-01
1.578627526760101318e-02 9.842137098312377930e-01
1.824533380568027496e-02 9.817546606063842773e-01
1.073281932622194290e-02 9.892671704292297363e-01
1.500563416630029678e-02 9.849944114685058594e-01
1.958161219954490662e-02 9.804183840751647949e-01
1.631371304392814636e-02 9.836862683296203613e-01
9.244011715054512024e-03 9.907560348510742188e-01
2.659320645034313202e-02 9.734068512916564941e-01
1.601985655725002289e-02 9.839801192283630371e-01
9.110544808208942413e-03 9.908894300460815430e-01
1.510256156325340271e-02 9.848974347114562988e-01
1.625068858265876770e-02 9.837493300437927246e-01
1.893360540270805359e-02 9.810664057731628418e-01
2.187300473451614380e-02 9.781270027160644531e-01
2.301421388983726501e-02 9.769857525825500488e-01
1.620740070939064026e-02 9.837926030158996582e-01
6.058075465261936188e-03 9.939419031143188477e-01
4.683862924575805664e-01 5.316136479377746582e-01
4.420826733112335205e-01 5.579172968864440918e-01
4.441324174404144287e-01 5.558675527572631836e-01
4.710491001605987549e-01 5.289509296417236328e-01
4.456148147583007812e-01 5.543851852416992188e-01
4.698196649551391602e-01 5.301803350448608398e-01
4.508046209812164307e-01 5.491953492164611816e-01
4.236381053924560547e-01 5.763618946075439453e-01
4.680030941963195801e-01 5.319969654083251953e-01
4.513159692287445068e-01 5.486840605735778809e-01
4.667921960353851318e-01 5.332077741622924805e-01
4.360313415527343750e-01 5.639686584472656250e-01
4.000671505928039551e-01 5.999327898025512695e-01
4.583776593208312988e-01 5.416223406791687012e-01
4.857916533946990967e-01 5.142083168029785156e-01
4.641658961772918701e-01 5.358341336250305176e-01
4.799191653728485107e-01 5.200808048248291016e-01
4.545785188674926758e-01 5.454214215278625488e-01
4.572746157646179199e-01 5.427253842353820801e-01
3.982305526733398438e-01 6.017694473266601562e-01
4.226058125495910645e-01 5.773941278457641602e-01
3.864969611167907715e-01 6.135030388832092285e-01
5.138939023017883301e-01 4.861060678958892822e-01
4.719017744064331055e-01 5.280981659889221191e-01
4.455300569534301758e-01 5.544699430465698242e-01
5.145813226699829102e-01 4.854186475276947021e-01
4.610052406787872314e-01 5.389947891235351562e-01
4.708650112152099609e-01 5.291349291801452637e-01
4.308640658855438232e-01 5.691359639167785645e-01
4.683645963668823242e-01 5.316354632377624512e-01
4.528509080410003662e-01 5.471490621566772461e-01
4.958247840404510498e-01 5.041752457618713379e-01
5.419806838035583496e-01 4.580192863941192627e-01
5.226316452026367188e-01 4.773683547973632812e-01
4.293603897094726562e-01 5.706396698951721191e-01
4.330372512340545654e-01 5.669627189636230469e-01
5.455425381660461426e-01 4.544574618339538574e-01
5.118641257286071777e-01 4.881358742713928223e-01
4.768017828464508057e-01 5.231981277465820312e-01
4.889647662639617920e-01 5.110352635383605957e-01
4.802398085594177246e-01 5.197601914405822754e-01
4.888118505477905273e-01 5.111880898475646973e-01
5.181396007537841797e-01 4.818603992462158203e-01
4.624397158622741699e-01 5.375602841377258301e-01
4.349499940872192383e-01 5.650500059127807617e-01
4.443332254886627197e-01 5.556668043136596680e-01
4.941581487655639648e-01 5.058417916297912598e-01
4.468033015727996826e-01 5.531966686248779297e-01
4.839087724685668945e-01 5.160912275314331055e-01
4.566811919212341309e-01 5.433188080787658691e-01
