8.956758305430412292e-03 9.910432100296020508e-01
4.529617726802825928e-03 9.954703450202941895e-01
3.339371411129832268e-03 9.966606497764587402e-01
5.065864883363246918e-03 9.949341416358947754e-01
7.313987240195274353e-03 9.926859736442565918e-01
7.125753909349441528e-03 9.928742647171020508e-01
1.085418742150068283e-02 9.891458749771118164e-01
5.904620513319969177e-03 9.940953850746154785e-01
3.538444638252258301e-03 9.964615702629089355e-01
6.974355317652225494e-03 9.930256009101867676e-01
4.459278658032417297e-03 9.955407381057739258e-01
5.478850565850734711e-03 9.945211410522460938e-01
9.804595261812210083e-03 9.901954531669616699e-01
5.504408385604619980e-03 9.944955706596374512e-01
4.618030507117509842e-03 9.953820109367370605e-01
6.704502739012241364e-03 9.932954907417297363e-01
1.002122368663549423e-02 9.899787306785583496e-01
4.866672679781913757e-03 9.951333403587341309e-01
6.448073312640190125e-03 9.935519099235534668e-01
5.851519759744405746e-03 9.941484928131103516e-01
6.423181854188442230e-03 9.935768246650695801e-01
7.656898815184831619e-03 9.923430681228637695e-01
5.006678402423858643e-03 9.949933290481567383e-01
6.976294796913862228e-03 9.930237531661987305e-01
9.614259004592895508e-03 9.903857707977294922e-01
5.106057971715927124e-03 9.948939681053161621e-01
3.876528935506939888e-03 9.961234927177429199e-01
5.520491860806941986e-03 9.944795370101928711e-01
6.239949259907007217e-03 9.937600493431091309e-01
1.004384923726320267e-02 9.899561405181884766e-01
1.199987716972827911e-02 9.880001544952392578e-01
3.543554106727242470e-03 9.964564442634582520e-01
5.064172204583883286e-03 9.949358105659484863e-01
5.921423900872468948e-03 9.940785765647888184e-01
6.625084206461906433e-03 9.933749437332153320e-01
3.979965113103389740e-03 9.960200190544128418e-01
5.101549904793500900e-03 9.948984384536743164e-01
8.882440626621246338e-03 9.911175370216369629e-01
5.622535012662410736e-03 9.943774342536926270e-01
3.371559781953692436e-03 9.966284632682800293e-01
1.226138044148683548e-02 9.877386689186096191e-01
5.884753540158271790e-03 9.941152334213256836e-01
3.150107106193900108e-03 9.968498945236206055e-01
5.342127755284309387e-03 9.946578741073608398e-01
5.345660261809825897e-03 9.946543574333190918e-01
7.311288733035326004e-03 9.926887750625610352e-01
8.701523765921592712e-03 9.912984967231750488e-01
1.033144351094961166e-02 9.896685481071472168e-01
5.532609764486551285e-03 9.944673776626586914e-01
2.299950225278735161e-03 9.977000355720520020e-01
4.785142242908477783e-01 5.214857459068298340e-01
4.853152334690093994e-01 5.146847367286682129e-01
4.857297837734222412e-01 5.142702460289001465e-01
5.077843666076660156e-01 4.922156035900115967e-01
4.864822924137115479e-01 5.135177373886108398e-01
5.171334743499755859e-01 4.828665256500244141e-01
4.920968115329742432e-01 5.079031586647033691e-01
4.616931974887847900e-01 5.383068323135375977e-01
5.159364938735961914e-01 4.840635657310485840e-01
5.009710788726806641e-01 4.990289509296417236e-01
5.093009471893310547e-01 4.906989932060241699e-01
4.668501615524291992e-01 5.331498384475708008e-01
4.464052617549896240e-01 5.535947084426879883e-01
4.991921186447143555e-01 5.008078217506408691e-01
5.162293910980224609e-01 4.837705790996551514e-01
5.038450360298156738e-01 4.961549341678619385e-01
5.283139348030090332e-01 4.716861248016357422e-01
4.973132312297821045e-01 5.026867389678955078e-01
5.061630606651306152e-01 4.938370287418365479e-01
4.692731201648712158e-01 5.307269096374511719e-01
4.491452276706695557e-01 5.508547425270080566e-01
4.273513257503509521e-01 5.726486444473266602e-01
5.584870576858520508e-01 4.415129125118255615e-01
5.159581899642944336e-01 4.840418398380279541e-01
4.836773574352264404e-01 5.163226127624511719e-01
5.451819896697998047e-01 4.548180103302001953e-01
5.024253129959106445e-01 4.975747466087341309e-01
5.098591446876525879e-01 4.901408851146697998e-01
4.620166420936584473e-01 5.379833579063415527e-01
5.115889310836791992e-01 4.884110093116760254e-01
4.883171021938323975e-01 5.116829276084899902e-01
5.440473556518554688e-01 4.559526741504669189e-01
5.728086829185485840e-01 4.271913170814514160e-01
5.417268872261047363e-01 4.582731127738952637e-01
4.684700965881347656e-01 5.315298438072204590e-01
4.862079024314880371e-01 5.137920975685119629e-01
5.774297118186950684e-01 4.225703179836273193e-01
5.493711233139038086e-01 4.506288766860961914e-01
5.248787999153137207e-01 4.751212000846862793e-01
5.004608035087585449e-01 4.995392262935638428e-01
5.145617723464965820e-01 4.854381978511810303e-01
5.368304252624511719e-01 4.631695747375488281e-01
5.583851933479309082e-01 4.416148662567138672e-01
5.132742524147033691e-01 4.867257475852966309e-01
4.849730730056762695e-01 5.150269269943237305e-01
4.988641142845153809e-01 5.011358261108398438e-01
5.120632648468017578e-01 4.879367053508758545e-01
4.906847178936004639e-01 5.093153119087219238e-01
5.257809758186340332e-01 4.742189943790435791e-01
4.896944463253021240e-01 5.103055834770202637e-01
