3.663849318400025368e-03 9.963361024856567383e-01
1.446520560421049595e-03 9.985535144805908203e-01
9.879190474748611450e-04 9.990121126174926758e-01
1.734452787786722183e-03 9.982655644416809082e-01
2.577360486611723900e-03 9.974225759506225586e-01
2.678988734260201454e-03 9.973210096359252930e-01
4.794987384229898453e-03 9.952049851417541504e-01
2.111940179020166397e-03 9.978880286216735840e-01
1.132850884459912777e-03 9.988671541213989258e-01
4.570184275507926941e-03 9.954298138618469238e-01
1.736528472974896431e-03 9.982634782791137695e-01
2.011434640735387802e-03 9.979885816574096680e-01
4.618274979293346405e-03 9.953817129135131836e-01
1.971357269212603569e-03 9.980286359786987305e-01
1.514080562628805637e-03 9.984859228134155273e-01
2.348285168409347534e-03 9.976516962051391602e-01
4.098440520465373993e-03 9.959015250205993652e-01
1.670123077929019928e-03 9.983298778533935547e-01
2.445430727675557137e-03 9.975546002388000488e-01
2.004588721320033073e-03 9.979953765869140625e-01
2.132429974153637886e-03 9.978675246238708496e-01
2.644545165821909904e-03 9.973554611206054688e-01
1.754441880621016026e-03 9.982455372810363770e-01
2.762553980574011803e-03 9.972375035285949707e-01
4.890786018222570419e-03 9.951092600822448730e-01
1.933885156176984310e-03 9.980661273002624512e-01
1.478781923651695251e-03 9.985212683677673340e-01
2.112524816766381264e-03 9.978874325752258301e-01
3.010525600984692574e-03 9.969894886016845703e-01
4.629729315638542175e-03 9.953702688217163086e-01
7.896482013165950775e-03 9.921035170555114746e-01
1.107613788917660713e-03 9.988924264907836914e-01
1.565081533044576645e-03 9.984349608421325684e-01
2.183595206588506699e-03 9.978163838386535645e-01
2.486264565959572792e-03 9.975137114524841309e-01
1.340016839094460011e-03 9.986600279808044434e-01
1.702207722701132298e-03 9.982978105545043945e-01
3.887048456817865372e-03 9.961130023002624512e-01
1.869520987384021282e-03 9.981305003166198730e-01
1.260243356227874756e-03 9.987397789955139160e-01
5.516793113201856613e-03 9.944832324981689453e-01
2.318411832675337791e-03 9.976816177368164062e-01
9.919344447553157806e-04 9.990080595016479492e-01
1.908225473016500473e-03 9.980917572975158691e-01
1.697431784123182297e-03 9.983025789260864258e-01
2.781725954264402390e-03 9.972182512283325195e-01
3.505352186039090157e-03 9.964946508407592773e-01
5.426300223916769028e-03 9.945736527442932129e-01
1.899121329188346863e-03 9.981008768081665039e-01
9.161264169961214066e-04 9.990838766098022461e-01
5.079517364501953125e-01 4.920482337474822998e-01
5.249885916709899902e-01 4.750114381313323975e-01
5.255137085914611816e-01 4.744862616062164307e-01
5.462561845779418945e-01 4.537438452243804932e-01
5.211737155914306641e-01 4.788262844085693359e-01
5.499495267868041992e-01 4.500504434108734131e-01
5.214035511016845703e-01 4.785965085029602051e-01
5.088195204734802246e-01 4.911804795265197754e-01
5.685848593711853027e-01 4.314151406288146973e-01
5.410849452018737793e-01 4.589150547981262207e-01
5.422322750091552734e-01 4.577677845954895020e-01
4.920227825641632080e-01 5.079772472381591797e-01
4.904146790504455566e-01 5.095853209495544434e-01
5.323780775070190430e-01 4.676219522953033447e-01
5.403730869293212891e-01 4.596269130706787109e-01
5.382506847381591797e-01 4.617493152618408203e-01
5.697741508483886719e-01 4.302258789539337158e-01
5.257595777511596680e-01 4.742404520511627197e-01
5.465981960296630859e-01 4.534018039703369141e-01
5.180387496948242188e-01 4.819612205028533936e-01
4.951161444187164307e-01 5.048838853836059570e-01
4.692355990409851074e-01 5.307644605636596680e-01
5.999676585197448730e-01 4.000323116779327393e-01
5.656374096870422363e-01 4.343626201152801514e-01
5.244594216346740723e-01 4.755406081676483154e-01
5.790632963180541992e-01 4.209367036819458008e-01
5.447337627410888672e-01 4.552661776542663574e-01
5.634138584136962891e-01 4.365861713886260986e-01
5.049470663070678711e-01 4.950529336929321289e-01
5.523011684417724609e-01 4.476988017559051514e-01
5.216130018234252930e-01 4.783869385719299316e-01
5.995023846626281738e-01 4.004976153373718262e-01
6.046980023384094238e-01 3.953020274639129639e-01
5.744971036911010742e-01 4.255028963088989258e-01
5.062287449836730957e-01 4.937712550163269043e-01
5.383279919624328613e-01 4.616720378398895264e-01
6.206821203231811523e-01 3.793178498744964600e-01
5.850964188575744629e-01 4.149035811424255371e-01
5.732623338699340820e-01 4.267376065254211426e-01
5.280587673187255859e-01 4.719412326812744141e-01
5.598418116569519043e-01 4.401582181453704834e-01
5.741080045700073242e-01 4.258920252323150635e-01
5.967429876327514648e-01 4.032570123672485352e-01
5.662444233894348145e-01 4.337555468082427979e-01
5.291043519973754883e-01 4.708957076072692871e-01
5.289104580879211426e-01 4.710895121097564697e-01
5.505576133728027344e-01 4.494423270225524902e-01
5.212833881378173828e-01 4.787167012691497803e-01
5.654701590538024902e-01 4.345298409461975098e-01
5.332903861999511719e-01 4.667095839977264404e-01
