1.534598530270159245e-03 9.984654188156127930e-01
4.755921254400163889e-04 9.995244145393371582e-01
3.130547120235860348e-04 9.996869564056396484e-01
5.982698639854788780e-04 9.994017481803894043e-01
8.737663738429546356e-04 9.991262555122375488e-01
1.035958877764642239e-03 9.989640712738037109e-01
2.910885727033019066e-03 9.970891475677490234e-01
8.479837561026215553e-04 9.991520047187805176e-01
3.803308645728975534e-04 9.996196627616882324e-01
2.908636815845966339e-03 9.970912933349609375e-01
6.237925845198333263e-04 9.993762373924255371e-01
7.898706826381385326e-04 9.992101192474365234e-01
2.410637913271784782e-03 9.975893497467041016e-01
6.813685758970677853e-04 9.993186593055725098e-01
5.025381688028573990e-04 9.994974732398986816e-01
8.268481469713151455e-04 9.991731643676757812e-01
2.845217240974307060e-03 9.971547722816467285e-01
5.745646776631474495e-04 9.994254708290100098e-01
1.001780270598828793e-03 9.989982247352600098e-01
6.641112267971038818e-04 9.993358850479125977e-01
1.504517043940722942e-03 9.984954595565795898e-01
8.967003086581826210e-04 9.991033077239990234e-01
6.508845835924148560e-04 9.993491172790527344e-01
1.145571935921907425e-03 9.988543987274169922e-01
2.946885069832205772e-03 9.970530867576599121e-01
7.492589065805077553e-04 9.992507696151733398e-01
5.245318170636892319e-04 9.994754791259765625e-01
7.666711462661623955e-04 9.992333650588989258e-01
1.456803758628666401e-03 9.985432028770446777e-01
2.075159922242164612e-03 9.979248046875000000e-01
5.583893042057752609e-03 9.944161176681518555e-01
3.561571065802127123e-04 9.996438622474670410e-01
5.041892291046679020e-04 9.994958043098449707e-01
8.233612752519547939e-04 9.991766810417175293e-01
9.000406134873628616e-04 9.990999698638916016e-01
4.666690365411341190e-04 9.995333552360534668e-01
5.491827032528817654e-04 9.994508624076843262e-01
1.731623779051005840e-03 9.982683658599853516e-01
6.390557391569018364e-04 9.993609786033630371e-01
4.763699544128030539e-04 9.995236396789550781e-01
2.345997141674160957e-03 9.976540207862854004e-01
7.582028047181665897e-04 9.992418289184570312e-01
3.207584086339920759e-04 9.996792674064636230e-01
7.019022013992071152e-04 9.992980957031250000e-01
5.267549422569572926e-04 9.994732737541198730e-01
1.051542116329073906e-03 9.989484548568725586e-01
1.475760131143033504e-03 9.985242486000061035e-01
2.979279262945055962e-03 9.970207214355468750e-01
6.221915828064084053e-04 9.993778467178344727e-01
3.238636709284037352e-04 9.996761679649353027e-01
5.352855920791625977e-01 4.647144377231597900e-01
5.822861790657043457e-01 4.177138507366180420e-01
5.528684854507446289e-01 4.471315741539001465e-01
5.866921544075012207e-01 4.133079051971435547e-01
5.575488805770874023e-01 4.424511194229125977e-01
5.876039266586303711e-01 4.123960435390472412e-01
5.709828734397888184e-01 4.290171265602111816e-01
5.508465766906738281e-01 4.491534233093261719e-01
5.978195667266845703e-01 4.021804034709930420e-01
5.840530991554260254e-01 4.159468710422515869e-01
5.858741402626037598e-01 4.141258001327514648e-01
5.214144587516784668e-01 4.785855412483215332e-01
5.399837493896484375e-01 4.600162208080291748e-01
5.728844404220581055e-01 4.271156489849090576e-01
5.870804786682128906e-01 4.129195511341094971e-01
5.642752647399902344e-01 4.357247352600097656e-01
6.050496697425842285e-01 3.949503004550933838e-01
5.698086619377136230e-01 4.301913380622863770e-01
5.901081562042236328e-01 4.098919034004211426e-01
5.648081302642822266e-01 4.351918995380401611e-01
5.260635614395141602e-01 4.739364087581634521e-01
4.987387657165527344e-01 5.012612342834472656e-01
6.309920549392700195e-01 3.690079450607299805e-01
5.901243686676025391e-01 4.098756313323974609e-01
5.576474666595458984e-01 4.423525333404541016e-01
6.213912963867187500e-01 3.786087632179260254e-01
5.885776877403259277e-01 4.114223122596740723e-01
5.872887372970581055e-01 4.127112030982971191e-01
5.522973537445068359e-01 4.477027058601379395e-01
6.000130176544189453e-01 3.999869227409362793e-01
5.620234012603759766e-01 4.379765689373016357e-01
6.399216651916503906e-01 3.600783348083496094e-01
6.417955160140991211e-01 3.582045137882232666e-01
6.164911985397338867e-01 3.835088312625885010e-01
5.529516339302062988e-01 4.470483064651489258e-01
5.734470486640930176e-01 4.265529513359069824e-01
6.534868478775024414e-01 3.465131223201751709e-01
6.178491115570068359e-01 3.821509480476379395e-01
6.135748624801635742e-01 3.864251375198364258e-01
5.715295076370239258e-01 4.284704923629760742e-01
5.988696217536926270e-01 4.011303782463073730e-01
6.198033094406127930e-01 3.801966905593872070e-01
6.403540968894958496e-01 3.596459031105041504e-01
6.093471646308898926e-01 3.906528055667877197e-01
5.790077447891235352e-01 4.209922254085540771e-01
5.698943138122558594e-01 4.301056861877441406e-01
5.847595334053039551e-01 4.152404069900512695e-01
5.600878596305847168e-01 4.399121701717376709e-01
6.024789810180664062e-01 3.975209593772888184e-01
5.772146582603454590e-01 4.227853715419769287e-01
