7.544332765974104404e-04 9.992455840110778809e-01
1.542499521747231483e-04 9.998457431793212891e-01
9.721835522213950753e-05 9.999027848243713379e-01
2.029425813816487789e-04 9.997970461845397949e-01
3.140007320325821638e-04 9.996860027313232422e-01
3.512762777972966433e-04 9.996487498283386230e-01
1.790586393326520920e-03 9.982094168663024902e-01
3.264024271629750729e-04 9.996736049652099609e-01
1.234319497598335147e-04 9.998765587806701660e-01
2.279924228787422180e-03 9.977200031280517578e-01
2.627861103974282742e-04 9.997372031211853027e-01
2.943893196061253548e-04 9.997056126594543457e-01
1.107746851630508900e-03 9.988922476768493652e-01
2.469526370987296104e-04 9.997530579566955566e-01
1.680668938206508756e-04 9.998319149017333984e-01
3.101423790212720633e-04 9.996898770332336426e-01
1.029579900205135345e-03 9.989703893661499023e-01
2.054749784292653203e-04 9.997945427894592285e-01
3.828894114121794701e-04 9.996170997619628906e-01
2.261936606373637915e-04 9.997738003730773926e-01
1.110960729420185089e-03 9.988890290260314941e-01
3.128394018858671188e-04 9.996871948242187500e-01
2.351180592086166143e-04 9.997648596763610840e-01
4.668480250984430313e-04 9.995331764221191406e-01
1.533413073047995567e-03 9.984666109085083008e-01
3.152941644657403231e-04 9.996846914291381836e-01
1.795728312572464347e-04 9.998204112052917480e-01
3.280654491391032934e-04 9.996719360351562500e-01
1.464335015043616295e-03 9.985356926918029785e-01
9.290223242715001106e-04 9.990710020065307617e-01
4.652332514524459839e-03 9.953476786613464355e-01
1.172806369140744209e-04 9.998826980590820312e-01
1.612008200027048588e-04 9.998388290405273438e-01
3.523974155541509390e-04 9.996476173400878906e-01
3.423262969590723515e-04 9.996576905250549316e-01
1.667904580244794488e-04 9.998332262039184570e-01
1.964101247722283006e-04 9.998036026954650879e-01
1.067549921572208405e-03 9.989324808120727539e-01
2.295539889018982649e-04 9.997704625129699707e-01
2.030693285632878542e-04 9.997969269752502441e-01
1.310828374698758125e-03 9.986891746520996094e-01
3.023400786332786083e-04 9.996976852416992188e-01
1.057674162439070642e-04 9.998942613601684570e-01
2.558666164986789227e-04 9.997441172599792480e-01
1.655338128330186009e-04 9.998344779014587402e-01
4.144018166698515415e-04 9.995856285095214844e-01
6.192307919263839722e-04 9.993807673454284668e-01
1.935060601681470871e-03 9.980648756027221680e-01
2.196630957769230008e-04 9.997803568840026855e-01
1.290144136874005198e-04 9.998710155487060547e-01
5.674704313278198242e-01 4.325295686721801758e-01
6.269621253013610840e-01 3.730378448963165283e-01
5.940948724746704102e-01 4.059050679206848145e-01
6.234068870544433594e-01 3.765930831432342529e-01
6.025882363319396973e-01 3.974117636680603027e-01
6.189964413642883301e-01 3.810036182403564453e-01
6.026460528373718262e-01 3.973540365695953369e-01
5.843026041984558105e-01 4.156973659992218018e-01
6.443426012992858887e-01 3.556574285030364990e-01
6.216248273849487305e-01 3.783752024173736572e-01
6.336404085159301758e-01 3.663595914840698242e-01
5.553600192070007324e-01 4.446400105953216553e-01
5.813207030296325684e-01 4.186792969703674316e-01
6.137216091156005859e-01 3.862783908843994141e-01
6.170911192893981934e-01 3.829089403152465820e-01
6.015616059303283691e-01 3.984383940696716309e-01
6.353597640991210938e-01 3.646402060985565186e-01
6.071817874908447266e-01 3.928181827068328857e-01
6.337304115295410156e-01 3.662695884704589844e-01
6.057640910148620605e-01 3.942359089851379395e-01
5.574650764465332031e-01 4.425349533557891846e-01
5.367203354835510254e-01 4.632796049118041992e-01
6.744924783706665039e-01 3.255074620246887207e-01
6.230562925338745117e-01 3.769437074661254883e-01
5.975427627563476562e-01 4.024572670459747314e-01
6.538501977920532227e-01 3.461498022079467773e-01
6.204559206962585449e-01 3.795440495014190674e-01
6.294519305229187012e-01 3.705480694770812988e-01
5.977354645729064941e-01 4.022645950317382812e-01
6.501711606979370117e-01 3.498288393020629883e-01
5.983046889305114746e-01 4.016953408718109131e-01
6.749448776245117188e-01 3.250551521778106689e-01
6.802497506141662598e-01 3.197502493858337402e-01
6.537557244300842285e-01 3.462442755699157715e-01
5.919419527053833008e-01 4.080580174922943115e-01
6.135809421539306641e-01 3.864190280437469482e-01
6.981415152549743652e-01 3.018584847450256348e-01
6.595193743705749512e-01 3.404806256294250488e-01
6.518349051475524902e-01 3.481651544570922852e-01
6.050807237625122070e-01 3.949192166328430176e-01
6.456690430641174316e-01 3.543309867382049561e-01
6.673461794853210449e-01 3.326538801193237305e-01
6.786539554595947266e-01 3.213460445404052734e-01
6.506446003913879395e-01 3.493553996086120605e-01
6.147974133491516113e-01 3.852024972438812256e-01
6.164410710334777832e-01 3.835589587688446045e-01
6.202073097229003906e-01 3.797926604747772217e-01
6.062608957290649414e-01 3.937391638755798340e-01
6.377395987510681152e-01 3.622603714466094971e-01
6.085254549980163574e-01 3.914745748043060303e-01
