4.250028729438781738e-01 5.749970674514770508e-01
4.180400073528289795e-01 5.819600224494934082e-01
2.436085045337677002e-01 7.563915252685546875e-01
4.553489685058593750e-01 5.446510314941406250e-01
4.774853885173797607e-01 5.225145816802978516e-01
5.523989796638488770e-01 4.476010799407958984e-01
3.959572315216064453e-01 6.040427088737487793e-01
3.619690835475921631e-01 6.380309462547302246e-01
3.529559373855590820e-01 6.470440626144409180e-01
3.158022463321685791e-01 6.841977834701538086e-01
3.767126202583312988e-01 6.232874393463134766e-01
4.154638350009918213e-01 5.845361351966857910e-01
5.067918300628662109e-01 4.932081997394561768e-01
5.035060644149780273e-01 4.964939057826995850e-01
3.787405490875244141e-01 6.212594509124755859e-01
4.275059998035430908e-01 5.724939703941345215e-01
4.992248713970184326e-01 5.007750988006591797e-01
3.415556848049163818e-01 6.584442853927612305e-01
2.218552231788635254e-01 7.781447768211364746e-01
5.079529285430908203e-01 4.920470714569091797e-01
2.889467179775238037e-01 7.110533118247985840e-01
4.590936899185180664e-01 5.409062504768371582e-01
3.247888088226318359e-01 6.752111315727233887e-01
4.674665629863739014e-01 5.325334072113037109e-01
3.239239752292633057e-01 6.760760545730590820e-01
3.472892940044403076e-01 6.527106761932373047e-01
1.809165477752685547e-01 8.190833926200866699e-01
3.376100361347198486e-01 6.623899340629577637e-01
3.893994987010955811e-01 6.106005311012268066e-01
5.038442015647888184e-01 4.961557984352111816e-01
4.894417822360992432e-01 5.105582475662231445e-01
3.924842476844787598e-01 6.075157523155212402e-01
4.615247547626495361e-01 5.384752154350280762e-01
4.237397909164428711e-01 5.762601494789123535e-01
4.836361110210418701e-01 5.163639187812805176e-01
2.996518611907958984e-01 7.003481388092041016e-01
3.442504107952117920e-01 6.557495594024658203e-01
3.998045623302459717e-01 6.001954674720764160e-01
4.469122886657714844e-01 5.530877113342285156e-01
2.113830000162124634e-01 7.886170148849487305e-01
6.153772473335266113e-01 3.846227526664733887e-01
3.107671439647674561e-01 6.892328262329101562e-01
3.547151684761047363e-01 6.452848315238952637e-01
2.388589829206466675e-01 7.611410617828369141e-01
4.731200933456420898e-01 5.268799662590026855e-01
5.477836728096008301e-01 4.522163569927215576e-01
4.131428301334381104e-01 5.868570804595947266e-01
3.367540538311004639e-01 6.632459163665771484e-01
4.386776983737945557e-01 5.613222122192382812e-01
4.227022454142570496e-02 9.577297568321228027e-01
6.452329158782958984e-01 3.547671139240264893e-01
4.031614661216735840e-01 5.968385338783264160e-01
4.255693256855010986e-01 5.744306445121765137e-01
3.949308097362518311e-01 6.050692200660705566e-01
3.677241504192352295e-01 6.322758197784423828e-01
3.933190405368804932e-01 6.066809892654418945e-01
5.647822618484497070e-01 4.352177977561950684e-01
4.252835512161254883e-01 5.747163891792297363e-01
2.032708674669265747e-01 7.967291474342346191e-01
5.087049603462219238e-01 4.912950992584228516e-01
5.368860363960266113e-01 4.631139338016510010e-01
5.767158269882202148e-01 4.232841432094573975e-01
2.966304719448089600e-01 7.033695578575134277e-01
5.425590872764587402e-01 4.574409127235412598e-01
4.621784687042236328e-01 5.378215909004211426e-01
6.712745428085327148e-01 3.287254869937896729e-01
5.058321356773376465e-01 4.941678643226623535e-01
4.224238395690917969e-01 5.775761604309082031e-01
2.416284680366516113e-01 7.583715915679931641e-01
1.868475228548049927e-02 9.813152551651000977e-01
3.466073572635650635e-01 6.533926725387573242e-01
5.217454433441162109e-01 4.782546162605285645e-01
3.865208625793457031e-01 6.134791374206542969e-01
4.720467329025268555e-01 5.279532074928283691e-01
4.247536063194274902e-01 5.752463936805725098e-01
4.230280816555023193e-01 5.769718885421752930e-01
4.606158137321472168e-01 5.393841862678527832e-01
2.245149761438369751e-01 7.754850387573242188e-01
5.553158521652221680e-01 4.446841180324554443e-01
4.620995521545410156e-01 5.379004478454589844e-01
3.311788141727447510e-01 6.688211560249328613e-01
3.003378510475158691e-01 6.996621489524841309e-01
8.429814577102661133e-01 1.570185422897338867e-01
7.909877300262451172e-01 2.090122699737548828e-01
4.941001832485198975e-01 5.058997869491577148e-01
3.498835861682891846e-01 6.501164436340332031e-01
5.217795968055725098e-01 4.782204031944274902e-01
5.500316619873046875e-01 4.499683082103729248e-01
3.935618400573730469e-01 6.064381599426269531e-01
7.463400959968566895e-01 2.536599040031433105e-01
3.949877917766571045e-01 6.050121784210205078e-01
4.415431320667266846e-01 5.584568381309509277e-01
7.023504972457885742e-01 2.976495623588562012e-01
4.500819742679595947e-01 5.499179363250732422e-01
5.765411257743835449e-01 4.234588742256164551e-01
4.840950667858123779e-01 5.159049034118652344e-01
8.650497794151306152e-01 1.349502056837081909e-01
4.198483824729919434e-01 5.801516175270080566e-01
8.117228150367736816e-01 1.882772147655487061e-01
4.058376848697662354e-01 5.941622853279113770e-01
