2.732713222503662109e-01 7.267287373542785645e-01
2.664610743522644043e-01 7.335389852523803711e-01
1.994975060224533081e-01 8.005024790763854980e-01
2.752006053924560547e-01 7.247993350028991699e-01
3.056271970272064209e-01 6.943727731704711914e-01
3.707628846168518066e-01 6.292371153831481934e-01
2.912184298038482666e-01 7.087815403938293457e-01
2.385153025388717651e-01 7.614847421646118164e-01
2.272910475730895996e-01 7.727089524269104004e-01
2.134880125522613525e-01 7.865120172500610352e-01
2.081315368413925171e-01 7.918684482574462891e-01
2.603641748428344727e-01 7.396358847618103027e-01
3.105082213878631592e-01 6.894918084144592285e-01
3.117198646068572998e-01 6.882801651954650879e-01
2.421860694885253906e-01 7.578139305114746094e-01
2.971490919589996338e-01 7.028509974479675293e-01
3.182981908321380615e-01 6.817017793655395508e-01
2.336369156837463379e-01 7.663630843162536621e-01
1.839288920164108276e-01 8.160711526870727539e-01
3.199326097965240479e-01 6.800673604011535645e-01
2.083724588155746460e-01 7.916275262832641602e-01
3.303525447845458984e-01 6.696474552154541016e-01
2.192950993776321411e-01 7.807049155235290527e-01
2.875612676143646240e-01 7.124387025833129883e-01
2.367418408393859863e-01 7.632581591606140137e-01
2.285276949405670166e-01 7.714723348617553711e-01
1.571401357650756836e-01 8.428598642349243164e-01
2.227863222360610962e-01 7.772136926651000977e-01
2.452627867460250854e-01 7.547372579574584961e-01
3.313377201557159424e-01 6.686622500419616699e-01
2.887243628501892090e-01 7.112755775451660156e-01
2.265256494283676147e-01 7.734743356704711914e-01
2.993810772895812988e-01 7.006189823150634766e-01
2.526180148124694824e-01 7.473819851875305176e-01
2.983342111110687256e-01 7.016657590866088867e-01
1.757978498935699463e-01 8.242021203041076660e-01
2.695984244346618652e-01 7.304015755653381348e-01
2.503080666065216064e-01 7.496919631958007812e-01
2.928173243999481201e-01 7.071826457977294922e-01
1.497350186109542847e-01 8.502650260925292969e-01
3.721221983432769775e-01 6.278777718544006348e-01
2.367623150348663330e-01 7.632376551628112793e-01
1.980307102203369141e-01 8.019692897796630859e-01
1.931628584861755371e-01 8.068371415138244629e-01
3.185375630855560303e-01 6.814624667167663574e-01
3.062133789062500000e-01 6.937866806983947754e-01
2.723401486873626709e-01 7.276599407196044922e-01
2.322442531585693359e-01 7.677557468414306641e-01
2.913606762886047363e-01 7.086393833160400391e-01
5.043017864227294922e-02 9.495698213577270508e-01
5.445038676261901855e-01 4.554961025714874268e-01
3.091212511062622070e-01 6.908787488937377930e-01
3.921090960502624512e-01 6.078909039497375488e-01
3.618800640106201172e-01 6.381198763847351074e-01
3.652125000953674316e-01 6.347875595092773438e-01
3.920509517192840576e-01 6.079490184783935547e-01
4.500931501388549805e-01 5.499067902565002441e-01
3.563027977943420410e-01 6.436972022056579590e-01
2.633751928806304932e-01 7.366247773170471191e-01
4.095795452594757080e-01 5.904204249382019043e-01
4.299241006374359131e-01 5.700759291648864746e-01
4.909039735794067383e-01 5.090960264205932617e-01
2.956491112709045410e-01 7.043508887290954590e-01
4.101270139217376709e-01 5.898730158805847168e-01
4.382868111133575439e-01 5.617130994796752930e-01
5.136259794235229492e-01 4.863740205764770508e-01
4.410127699375152588e-01 5.589872598648071289e-01
3.519160449504852295e-01 6.480839848518371582e-01
2.889896929264068604e-01 7.110102772712707520e-01
4.994515702128410339e-02 9.500548243522644043e-01
3.493821918964385986e-01 6.506177783012390137e-01
4.375475645065307617e-01 5.624523758888244629e-01
3.662056028842926025e-01 6.337944269180297852e-01
4.115671217441558838e-01 5.884329080581665039e-01
4.051219820976257324e-01 5.948780179023742676e-01
4.439380466938018799e-01 5.560619831085205078e-01
4.061662256717681885e-01 5.938337445259094238e-01
2.742684781551361084e-01 7.257315516471862793e-01
4.322625398635864258e-01 5.677374601364135742e-01
4.259587228298187256e-01 5.740412473678588867e-01
3.479355573654174805e-01 6.520644426345825195e-01
3.316938281059265137e-01 6.683061718940734863e-01
6.838104724884033203e-01 3.161895275115966797e-01
6.114354133605957031e-01 3.885646164417266846e-01
3.914141058921813965e-01 6.085859537124633789e-01
3.207640945911407471e-01 6.792359352111816406e-01
4.665038585662841797e-01 5.334962010383605957e-01
4.747775495052337646e-01 5.252224206924438477e-01
3.709476292133331299e-01 6.290523409843444824e-01
5.968338251113891602e-01 4.031662344932556152e-01
3.853547275066375732e-01 6.146453022956848145e-01
4.079745113849639893e-01 5.920254588127136230e-01
5.288922190666198730e-01 4.711077511310577393e-01
3.796933293342590332e-01 6.203066110610961914e-01
4.257633686065673828e-01 5.742365717887878418e-01
3.674718141555786133e-01 6.325281858444213867e-01
6.886926889419555664e-01 3.113073706626892090e-01
3.813704550266265869e-01 6.186295747756958008e-01
5.852724909782409668e-01 4.147275388240814209e-01
4.104041755199432373e-01 5.895958542823791504e-01
