1.750474721193313599e-01 8.249525427818298340e-01
1.595737785100936890e-01 8.404262065887451172e-01
1.275048255920410156e-01 8.724951744079589844e-01
1.637475192546844482e-01 8.362524509429931641e-01
1.940765976905822754e-01 8.059234023094177246e-01
2.191553860902786255e-01 7.808445692062377930e-01
1.873038709163665771e-01 8.126961588859558105e-01
1.496474891901016235e-01 8.503525257110595703e-01
1.356890797615051270e-01 8.643109202384948730e-01
1.309733837842941284e-01 8.690266013145446777e-01
1.227315291762351990e-01 8.772684931755065918e-01
1.567744463682174683e-01 8.432255387306213379e-01
1.947831213474273682e-01 8.052169084548950195e-01
1.851958036422729492e-01 8.148042559623718262e-01
1.471877843141555786e-01 8.528121709823608398e-01
1.911239326000213623e-01 8.088760972023010254e-01
1.958766132593154907e-01 8.041234016418457031e-01
1.389815062284469604e-01 8.610184788703918457e-01
1.343349963426589966e-01 8.656650185585021973e-01
1.924713701009750366e-01 8.075285553932189941e-01
1.389747262001037598e-01 8.610252737998962402e-01
2.134715616703033447e-01 7.865284681320190430e-01
1.421071887016296387e-01 8.578928112983703613e-01
1.705705374479293823e-01 8.294295072555541992e-01
1.579149812459945679e-01 8.420850038528442383e-01
1.456011086702346802e-01 8.543989062309265137e-01
1.079309657216072083e-01 8.920690417289733887e-01
1.388525664806365967e-01 8.611474633216857910e-01
1.501430869102478027e-01 8.498569130897521973e-01
2.062122672796249390e-01 7.937877178192138672e-01
1.726769208908081055e-01 8.273231387138366699e-01
1.300384998321533203e-01 8.699615001678466797e-01
1.779195517301559448e-01 8.220804929733276367e-01
1.540563702583312988e-01 8.459436297416687012e-01
1.801252216100692749e-01 8.198747038841247559e-01
1.073904186487197876e-01 8.926095366477966309e-01
1.702309548854827881e-01 8.297690749168395996e-01
1.601375639438629150e-01 8.398624062538146973e-01
1.760448068380355835e-01 8.239552378654479980e-01
9.510792791843414307e-02 9.048920869827270508e-01
2.263477444648742676e-01 7.736523151397705078e-01
1.533114761114120483e-01 8.466885089874267578e-01
1.097946763038635254e-01 8.902053236961364746e-01
1.343787312507629395e-01 8.656212687492370605e-01
1.993594020605087280e-01 8.006405830383300781e-01
1.767596751451492310e-01 8.232403397560119629e-01
1.695082932710647583e-01 8.304917216300964355e-01
1.501915305852890015e-01 8.498084545135498047e-01
1.789865791797637939e-01 8.210134506225585938e-01
4.351097345352172852e-02 9.564890265464782715e-01
4.838676750659942627e-01 5.161322951316833496e-01
3.001596927642822266e-01 6.998403072357177734e-01
3.686889410018920898e-01 6.313110589981079102e-01
3.619647622108459473e-01 6.380352377891540527e-01
3.701350986957550049e-01 6.298649311065673828e-01
3.948033452033996582e-01 6.051966547966003418e-01
4.030544161796569824e-01 5.969455838203430176e-01
3.479181230068206787e-01 6.520818471908569336e-01
3.031136989593505859e-01 6.968863010406494141e-01
3.770136237144470215e-01 6.229863762855529785e-01
3.855575323104858398e-01 6.144424676895141602e-01
4.439916014671325684e-01 5.560083985328674316e-01
2.953842282295227051e-01 7.046157717704772949e-01
3.833757638931274414e-01 6.166242361068725586e-01
4.148720204830169678e-01 5.851280093193054199e-01
4.500623345375061035e-01 5.499376654624938965e-01
4.161454737186431885e-01 5.838545560836791992e-01
3.425744473934173584e-01 6.574255824089050293e-01
3.156085014343261719e-01 6.843914985656738281e-01
1.162758544087409973e-01 8.837240934371948242e-01
3.518632054328918457e-01 6.481367945671081543e-01
3.840502202510833740e-01 6.159497499465942383e-01
3.781313598155975342e-01 6.218686699867248535e-01
4.038853645324707031e-01 5.961145758628845215e-01
3.848256170749664307e-01 6.151744127273559570e-01
4.452211260795593262e-01 5.547788143157958984e-01
3.925983309745788574e-01 6.074017286300659180e-01
3.078843057155609131e-01 6.921157240867614746e-01
3.895400166511535645e-01 6.104599833488464355e-01
4.077943265438079834e-01 5.922057032585144043e-01
3.599613904953002930e-01 6.400386095046997070e-01
3.489102423191070557e-01 6.510897874832153320e-01
5.792147517204284668e-01 4.207852482795715332e-01
5.167210698127746582e-01 4.832789599895477295e-01
3.556847870349884033e-01 6.443152427673339844e-01
3.267184495925903320e-01 6.732815504074096680e-01
4.554959535598754883e-01 5.445041060447692871e-01
4.530298113822937012e-01 5.469701290130615234e-01
3.697810173034667969e-01 6.302189826965332031e-01
4.989897608757019043e-01 5.010102987289428711e-01
3.788633942604064941e-01 6.211366057395935059e-01
3.883996903896331787e-01 6.116002798080444336e-01
4.672045409679412842e-01 5.327954292297363281e-01
3.480060100555419922e-01 6.519940495491027832e-01
3.718053102493286133e-01 6.281947493553161621e-01
3.357624709606170654e-01 6.642374992370605469e-01
5.655494928359985352e-01 4.344504475593566895e-01
3.657872974872589111e-01 6.342126727104187012e-01
4.712133109569549561e-01 5.287866592407226562e-01
3.962517678737640381e-01 6.037482619285583496e-01
