9.982426464557647705e-02 9.001757502555847168e-01
8.379001915454864502e-02 9.162099957466125488e-01
6.823626905679702759e-02 9.317637085914611816e-01
8.636850118637084961e-02 9.136314392089843750e-01
1.075614243745803833e-01 8.924385905265808105e-01
1.158176660537719727e-01 8.841823339462280273e-01
1.073923483490943909e-01 8.926076889038085938e-01
8.137077838182449341e-02 9.186291694641113281e-01
6.827009469270706177e-02 9.317299127578735352e-01
7.303782552480697632e-02 9.269621372222900391e-01
6.613777577877044678e-02 9.338622093200683594e-01
8.497013896703720093e-02 9.150298833847045898e-01
1.099346205592155457e-01 8.900654315948486328e-01
9.745773673057556152e-02 9.025422334671020508e-01
8.000077307224273682e-02 9.199992418289184570e-01
1.052397936582565308e-01 8.947602510452270508e-01
1.050062179565429688e-01 8.949937224388122559e-01
7.312069833278656006e-02 9.268792867660522461e-01
8.063051849603652954e-02 9.193694591522216797e-01
9.917944669723510742e-02 9.008206129074096680e-01
7.954300940036773682e-02 9.204570055007934570e-01
1.154556125402450562e-01 8.845443725585937500e-01
7.614336162805557251e-02 9.238566756248474121e-01
9.487947076559066772e-02 9.051204919815063477e-01
9.324674308300018311e-02 9.067532420158386230e-01
7.600509375333786011e-02 9.239948987960815430e-01
6.144439056515693665e-02 9.385555982589721680e-01
7.792349904775619507e-02 9.220765233039855957e-01
8.071935921907424927e-02 9.192806482315063477e-01
1.157248765230178833e-01 8.842751383781433105e-01
9.925685077905654907e-02 9.007431864738464355e-01
6.602918356657028198e-02 9.339708089828491211e-01
9.082533419132232666e-02 9.091746211051940918e-01
8.193258196115493774e-02 9.180674552917480469e-01
9.571998566389083862e-02 9.042800068855285645e-01
5.807291716337203979e-02 9.419270753860473633e-01
9.130103886127471924e-02 9.086989164352416992e-01
9.001804888248443604e-02 9.099820256233215332e-01
9.524725377559661865e-02 9.047527909278869629e-01
5.460099503397941589e-02 9.453990459442138672e-01
1.231686621904373169e-01 8.768312931060791016e-01
8.663035184144973755e-02 9.133697152137756348e-01
5.693487823009490967e-02 9.430651068687438965e-01
7.642117887735366821e-02 9.235788583755493164e-01
1.065937653183937073e-01 8.934062719345092773e-01
9.739132225513458252e-02 9.026086926460266113e-01
9.948820620775222778e-02 9.005117416381835938e-01
8.968651294708251953e-02 9.103135466575622559e-01
9.630339592695236206e-02 9.036966562271118164e-01
2.934360690414905548e-02 9.706563949584960938e-01
4.541712999343872070e-01 5.458286404609680176e-01
3.279303312301635742e-01 6.720696687698364258e-01
3.815522193908691406e-01 6.184478402137756348e-01
3.863212466239929199e-01 6.136787533760070801e-01
3.898829817771911621e-01 6.101169586181640625e-01
4.112342894077301025e-01 5.887656807899475098e-01
3.894905149936676025e-01 6.105094552040100098e-01
3.605918884277343750e-01 6.394081711769104004e-01
3.636299967765808105e-01 6.363700032234191895e-01
3.789734542369842529e-01 6.210265755653381348e-01
3.809255659580230713e-01 6.190744638442993164e-01
4.253966808319091797e-01 5.746033787727355957e-01
3.214152455329895020e-01 6.785847544670104980e-01
3.886105418205261230e-01 6.113893985748291016e-01
4.217998385429382324e-01 5.782002210617065430e-01
4.322403073310852051e-01 5.677597522735595703e-01
4.369694590568542480e-01 5.630306005477905273e-01
3.623924255371093750e-01 6.376075744628906250e-01
3.411755561828613281e-01 6.588244438171386719e-01
2.134705930948257446e-01 7.865294218063354492e-01
3.650437593460083008e-01 6.349562406539916992e-01
3.648452162742614746e-01 6.351547837257385254e-01
4.030702710151672363e-01 5.969297885894775391e-01
4.103431403636932373e-01 5.896568894386291504e-01
3.886260390281677246e-01 6.113739609718322754e-01
4.560463428497314453e-01 5.439536571502685547e-01
3.961045742034912109e-01 6.038954257965087891e-01
3.611377477645874023e-01 6.388622522354125977e-01
3.891231119632720947e-01 6.108768582344055176e-01
4.081938862800598145e-01 5.918061733245849609e-01
3.791770040988922119e-01 6.208229660987854004e-01
3.890682160854339600e-01 6.109317541122436523e-01
5.345960259437561035e-01 4.654039442539215088e-01
4.903697669506072998e-01 5.096303224563598633e-01
3.626136481761932373e-01 6.373863816261291504e-01
3.526738286018371582e-01 6.473261713981628418e-01
4.713661074638366699e-01 5.286338925361633301e-01
4.599481821060180664e-01 5.400518774986267090e-01
3.899343311786651611e-01 6.100656390190124512e-01
4.701751172542572021e-01 5.298248529434204102e-01
3.988101184368133545e-01 6.011898517608642578e-01
4.087375700473785400e-01 5.912624597549438477e-01
4.594655632972717285e-01 5.405343770980834961e-01
3.640223443508148193e-01 6.359776854515075684e-01
3.748316168785095215e-01 6.251683831214904785e-01
3.548285961151123047e-01 6.451714038848876953e-01
5.030548572540283203e-01 4.969451427459716797e-01
3.819461762905120850e-01 6.180537939071655273e-01
4.415628612041473389e-01 5.584371089935302734e-01
4.022944271564483643e-01 5.977055430412292480e-01
