4.866455495357513428e-02 9.513354897499084473e-01
3.557854145765304565e-02 9.644214510917663574e-01
2.910789474844932556e-02 9.708920717239379883e-01
3.818576410412788391e-02 9.618142247200012207e-01
5.252646282315254211e-02 9.474735856056213379e-01
5.109573528170585632e-02 9.489042758941650391e-01
5.508165434002876282e-02 9.449183344841003418e-01
3.840786591172218323e-02 9.615921378135681152e-01
2.995899692177772522e-02 9.700409770011901855e-01
3.761882707476615906e-02 9.623811841011047363e-01
3.060889616608619690e-02 9.693911075592041016e-01
3.747938200831413269e-02 9.625206589698791504e-01
5.065921694040298462e-02 9.493408203125000000e-01
4.203508421778678894e-02 9.579649567604064941e-01
3.558985888957977295e-02 9.644101262092590332e-01
4.666711390018463135e-02 9.533329010009765625e-01
5.016583949327468872e-02 9.498342275619506836e-01
3.318137302994728088e-02 9.668186306953430176e-01
4.027787595987319946e-02 9.597221612930297852e-01
4.314972087740898132e-02 9.568502902984619141e-01
4.074348136782646179e-02 9.592565298080444336e-01
5.276660621166229248e-02 9.472333788871765137e-01
3.446852043271064758e-02 9.655314683914184570e-01
4.424323141574859619e-02 9.557567238807678223e-01
4.465705156326293945e-02 9.553430080413818359e-01
3.483742475509643555e-02 9.651625752449035645e-01
2.789419703185558319e-02 9.721058011054992676e-01
3.643595427274703979e-02 9.635640382766723633e-01
3.640745207667350769e-02 9.635925889015197754e-01
5.700399726629257202e-02 9.429959654808044434e-01
5.025500804185867310e-02 9.497449398040771484e-01
2.858048677444458008e-02 9.714195132255554199e-01
4.109951108694076538e-02 9.589005112648010254e-01
3.829988837242126465e-02 9.617001414299011230e-01
4.589063674211502075e-02 9.541093707084655762e-01
2.695846371352672577e-02 9.730415344238281250e-01
4.022521525621414185e-02 9.597747921943664551e-01
4.592331498861312866e-02 9.540766477584838867e-01
4.354079812765121460e-02 9.564592242240905762e-01
2.429194375872612000e-02 9.757080674171447754e-01
6.058783456683158875e-02 9.394121766090393066e-01
4.207567125558853149e-02 9.579243063926696777e-01
2.487093210220336914e-02 9.751290678977966309e-01
3.591964766383171082e-02 9.640803933143615723e-01
4.627630487084388733e-02 9.537236690521240234e-01
4.469719529151916504e-02 9.553028345108032227e-01
5.067396163940429688e-02 9.493260979652404785e-01
5.098103731870651245e-02 9.490188956260681152e-01
4.166806489229202271e-02 9.583319425582885742e-01
1.466088835150003433e-02 9.853391051292419434e-01
4.487309455871582031e-01 5.512690544128417969e-01
3.816037774085998535e-01 6.183962225914001465e-01
4.052425622940063477e-01 5.947574377059936523e-01
4.263159930706024170e-01 5.736839771270751953e-01
4.197579324245452881e-01 5.802420973777770996e-01
4.296261072158813477e-01 5.703738927841186523e-01
4.108846187591552734e-01 5.891153812408447266e-01
3.915080428123474121e-01 6.084919571876525879e-01
4.185732305049896240e-01 5.814267992973327637e-01
4.081578254699707031e-01 5.918421745300292969e-01
4.251505434513092041e-01 5.748494267463684082e-01
4.230265021324157715e-01 5.769734978675842285e-01
3.539203107357025146e-01 6.460796594619750977e-01
4.230502247810363770e-01 5.769497752189636230e-01
4.562646448612213135e-01 5.437353253364562988e-01
4.382835328578948975e-01 5.617164373397827148e-01
4.604471027851104736e-01 5.395528674125671387e-01
4.094475209712982178e-01 5.905524492263793945e-01
3.956845700740814209e-01 6.043154001235961914e-01
3.196317553520202637e-01 6.803682446479797363e-01
4.014157950878143311e-01 5.985841751098632812e-01
3.692369461059570312e-01 6.307630538940429688e-01
4.562526345252990723e-01 5.437473654747009277e-01
4.392084479331970215e-01 5.607914924621582031e-01
4.103887081146240234e-01 5.896112918853759766e-01
4.880651831626892090e-01 5.119348168373107910e-01
4.280562400817871094e-01 5.719437599182128906e-01
4.120069742202758789e-01 5.879930257797241211e-01
4.062653481960296631e-01 5.937346220016479492e-01
4.333364665508270264e-01 5.666635632514953613e-01
4.071632027626037598e-01 5.928367972373962402e-01
4.366526603698730469e-01 5.633472800254821777e-01
5.273476243019104004e-01 4.726523458957672119e-01
4.920347332954406738e-01 5.079652667045593262e-01
3.810456991195678711e-01 6.189543008804321289e-01
3.946038484573364258e-01 6.053961515426635742e-01
5.023088455200195312e-01 4.976911842823028564e-01
4.826149642467498779e-01 5.173850059509277344e-01
4.298720657825469971e-01 5.701279640197753906e-01
4.699003398418426514e-01 5.300996899604797363e-01
4.347000420093536377e-01 5.652999281883239746e-01
4.406275153160095215e-01 5.593724250793457031e-01
4.764083027839660645e-01 5.235916972160339355e-01
4.148137271404266357e-01 5.851863026618957520e-01
4.040928483009338379e-01 5.959071516990661621e-01
3.937293887138366699e-01 6.062706112861633301e-01
4.860917329788208008e-01 5.139082670211791992e-01
4.080367982387542725e-01 5.919631719589233398e-01
4.512023329734802246e-01 5.487977266311645508e-01
4.257839620113372803e-01 5.742160081863403320e-01
