6.274415552616119385e-02 9.372558593750000000e-01
6.698255985975265503e-02 9.330173730850219727e-01
1.963409781455993652e-02 9.803658723831176758e-01
6.208704784512519836e-02 9.379129409790039062e-01
5.248267948627471924e-02 9.475172758102416992e-01
6.486667692661285400e-02 9.351332783699035645e-01
3.643579035997390747e-02 9.635642170906066895e-01
5.746527761220932007e-02 9.425347447395324707e-01
7.429331541061401367e-02 9.257066845893859863e-01
4.449745640158653259e-02 9.555025696754455566e-01
6.122701615095138550e-02 9.387729763984680176e-01
5.972265824675559998e-02 9.402773976325988770e-01
4.815773293375968933e-02 9.518422484397888184e-01
7.808066159486770630e-02 9.219192862510681152e-01
5.029796063899993896e-02 9.497020244598388672e-01
6.288892030715942383e-02 9.371110796928405762e-01
7.054281979799270630e-02 9.294571280479431152e-01
6.772522628307342529e-02 9.322748184204101562e-01
2.067160792648792267e-02 9.793283343315124512e-01
6.290441751480102539e-02 9.370956420898437500e-01
5.474642664194107056e-02 9.452535510063171387e-01
4.761772602796554565e-02 9.523822665214538574e-01
6.235009804368019104e-02 9.376499056816101074e-01
4.723230749368667603e-02 9.527677297592163086e-01
6.895549595355987549e-02 9.310444593429565430e-01
4.564359411597251892e-02 9.543564319610595703e-01
3.258011117577552795e-02 9.674198627471923828e-01
4.897188022732734680e-02 9.510281682014465332e-01
6.052209064364433289e-02 9.394778609275817871e-01
5.495857447385787964e-02 9.450413584709167480e-01
5.054236575961112976e-02 9.494576454162597656e-01
7.509292662143707275e-02 9.249071478843688965e-01
5.361623689532279968e-02 9.463837146759033203e-01
5.351258441805839539e-02 9.464873671531677246e-01
5.655014142394065857e-02 9.434498548507690430e-01
4.838943853974342346e-02 9.516106247901916504e-01
3.426425904035568237e-02 9.657357335090637207e-01
5.072755739092826843e-02 9.492723941802978516e-01
5.120264366269111633e-02 9.487973451614379883e-01
5.737395584583282471e-02 9.426259994506835938e-01
9.080614894628524780e-02 9.091938138008117676e-01
6.765008717775344849e-02 9.323499798774719238e-01
7.098820060491561890e-02 9.290118813514709473e-01
4.083994030952453613e-02 9.591600298881530762e-01
4.877756536006927490e-02 9.512224793434143066e-01
5.553476884961128235e-02 9.444652795791625977e-01
6.082295253872871399e-02 9.391770958900451660e-01
6.446293741464614868e-02 9.355370998382568359e-01
6.513726711273193359e-02 9.348627924919128418e-01
1.360470312647521496e-03 9.986395239830017090e-01
9.341366291046142578e-01 6.586340069770812988e-02
9.491729140281677246e-01 5.082701519131660461e-02
8.741359114646911621e-01 1.258641630411148071e-01
9.081959724426269531e-01 9.180400520563125610e-02
9.464403390884399414e-01 5.355970561504364014e-02
9.436331391334533691e-01 5.636681988835334778e-02
9.255337119102478027e-01 7.446625828742980957e-02
9.110895395278930664e-01 8.891043066978454590e-02
8.990787267684936523e-01 1.009213179349899292e-01
9.384477138519287109e-01 6.155224516987800598e-02
9.417945146560668945e-01 5.820545554161071777e-02
9.538995623588562012e-01 4.610048234462738037e-02
9.269918799400329590e-01 7.300817221403121948e-02
8.971624374389648438e-01 1.028376445174217224e-01
9.055216908454895020e-01 9.447830915451049805e-02
9.658831357955932617e-01 3.411691635847091675e-02
9.023943543434143066e-01 9.760561585426330566e-02
9.154561758041381836e-01 8.454379439353942871e-02
9.475355744361877441e-01 5.246438458561897278e-02
9.300477504730224609e-01 6.995226442813873291e-02
9.151803255081176758e-01 8.481971174478530884e-02
9.443842768669128418e-01 5.561570078134536743e-02
9.413304924964904785e-01 5.866948515176773071e-02
9.181891679763793945e-01 8.181079477071762085e-02
9.252102971076965332e-01 7.478964328765869141e-02
9.107148051261901855e-01 8.928522467613220215e-02
9.080941677093505859e-01 9.190583974123001099e-02
9.160562157630920410e-01 8.394376933574676514e-02
9.309470057487487793e-01 6.905301660299301147e-02
9.295133948326110840e-01 7.048664987087249756e-02
9.263504743576049805e-01 7.364952564239501953e-02
9.302049279212951660e-01 6.979504972696304321e-02
9.529538750648498535e-01 4.704609513282775879e-02
9.748941659927368164e-01 2.510577812790870667e-02
9.423159360885620117e-01 5.768402665853500366e-02
9.037341475486755371e-01 9.626584500074386597e-02
9.306455850601196289e-01 6.935434043407440186e-02
9.351310133934020996e-01 6.486892700195312500e-02
9.269078373908996582e-01 7.309223711490631104e-02
9.684151411056518555e-01 3.158484399318695068e-02
9.321848154067993164e-01 6.781516224145889282e-02
9.018225669860839844e-01 9.817744046449661255e-02
9.565369486808776855e-01 4.346302896738052368e-02
9.412399530410766602e-01 5.876004695892333984e-02
9.048809409141540527e-01 9.511904418468475342e-02
8.995048403739929199e-01 1.004951819777488708e-01
9.689158201217651367e-01 3.108422458171844482e-02
8.824229836463928223e-01 1.175769492983818054e-01
9.666352272033691406e-01 3.336472064256668091e-02
8.746322393417358398e-01 1.253677010536193848e-01
