5.626880750060081482e-02 9.437312483787536621e-01
6.005708500742912292e-02 9.399428963661193848e-01
1.655762270092964172e-02 9.834424257278442383e-01
5.481877550482749939e-02 9.451812505722045898e-01
4.508508369326591492e-02 9.549149274826049805e-01
5.749152973294258118e-02 9.425084590911865234e-01
3.049921244382858276e-02 9.695008397102355957e-01
5.220035836100578308e-02 9.477996826171875000e-01
6.923633068799972534e-02 9.307636618614196777e-01
3.827073052525520325e-02 9.617292284965515137e-01
5.568138882517814636e-02 9.443186521530151367e-01
5.211111903190612793e-02 9.478888511657714844e-01
4.246452078223228455e-02 9.575354456901550293e-01
7.031702250242233276e-02 9.296829700469970703e-01
4.385313764214515686e-02 9.561468958854675293e-01
5.586975067853927612e-02 9.441301822662353516e-01
6.278347223997116089e-02 9.372164607048034668e-01
6.102486327290534973e-02 9.389750957489013672e-01
1.712907478213310242e-02 9.828709363937377930e-01
5.537752434611320496e-02 9.446224570274353027e-01
5.114606395363807678e-02 9.488539099693298340e-01
4.049773514270782471e-02 9.595022201538085938e-01
5.657547712326049805e-02 9.434245228767395020e-01
4.045142233371734619e-02 9.595485925674438477e-01
6.433277577161788940e-02 9.356672167778015137e-01
3.956914693117141724e-02 9.604308605194091797e-01
3.015345521271228790e-02 9.698464870452880859e-01
4.165559634566307068e-02 9.583443403244018555e-01
5.299027264118194580e-02 9.470096826553344727e-01
4.661900550127029419e-02 9.533809423446655273e-01
4.246087744832038879e-02 9.575391411781311035e-01
6.828522682189941406e-02 9.317147731781005859e-01
4.672139137983322144e-02 9.532786607742309570e-01
4.541736841201782227e-02 9.545825719833374023e-01
5.007867515087127686e-02 9.499213099479675293e-01
4.139847680926322937e-02 9.586014747619628906e-01
2.978564612567424774e-02 9.702143073081970215e-01
4.353206232190132141e-02 9.564679265022277832e-01
4.356346651911735535e-02 9.564365148544311523e-01
5.217063799500465393e-02 9.478294253349304199e-01
8.196758478879928589e-02 9.180323481559753418e-01
6.100403890013694763e-02 9.389959573745727539e-01
6.339497864246368408e-02 9.366050958633422852e-01
3.664713725447654724e-02 9.633527994155883789e-01
3.951629996299743652e-02 9.604836702346801758e-01
4.731711372733116150e-02 9.526828527450561523e-01
5.269220843911170959e-02 9.473078250885009766e-01
5.699167028069496155e-02 9.430083036422729492e-01
5.999502912163734436e-02 9.400050044059753418e-01
1.052574836649000645e-03 9.989473819732666016e-01
9.427181482315063477e-01 5.728190019726753235e-02
9.599884748458862305e-01 4.001148417592048645e-02
8.860365748405456543e-01 1.139634028077125549e-01
9.192073345184326172e-01 8.079264312982559204e-02
9.558165669441223145e-01 4.418343678116798401e-02
9.554582238197326660e-01 4.454179480671882629e-02
9.345414638519287109e-01 6.545854359865188599e-02
9.223728179931640625e-01 7.762712240219116211e-02
9.077669978141784668e-01 9.223303198814392090e-02
9.467378854751586914e-01 5.326208844780921936e-02
9.523283839225769043e-01 4.767160862684249878e-02
9.629196524620056152e-01 3.708036988973617554e-02
9.371392130851745605e-01 6.286080181598663330e-02
9.112495183944702148e-01 8.875044435262680054e-02
9.136761426925659180e-01 8.632390946149826050e-02
9.726523160934448242e-01 2.734771370887756348e-02
9.127769470214843750e-01 8.722306787967681885e-02
9.236484766006469727e-01 7.635147124528884888e-02
9.583888649940490723e-01 4.161109775304794312e-02
9.422705173492431641e-01 5.772942677140235901e-02
9.263458251953125000e-01 7.365415245294570923e-02
9.536613821983337402e-01 4.633858427405357361e-02
9.519935250282287598e-01 4.800647869706153870e-02
9.288133382797241211e-01 7.118663936853408813e-02
9.348557591438293457e-01 6.514422595500946045e-02
9.237791299819946289e-01 7.622087001800537109e-02
9.162099957466125488e-01 8.378995209932327271e-02
9.309849143028259277e-01 6.901507079601287842e-02
9.403399229049682617e-01 5.966007336974143982e-02
9.374096989631652832e-01 6.259030103683471680e-02
9.366031885147094727e-01 6.339686363935470581e-02
9.426871538162231445e-01 5.731284245848655701e-02
9.580091238021850586e-01 4.199086502194404602e-02
9.799290299415588379e-01 2.007097750902175903e-02
9.524905681610107422e-01 4.750945046544075012e-02
9.102587103843688965e-01 8.974125981330871582e-02
9.406687617301940918e-01 5.933118239045143127e-02
9.456006884574890137e-01 5.439928919076919556e-02
9.403382539749145508e-01 5.966173857450485229e-02
9.746347069740295410e-01 2.536527439951896667e-02
9.448430538177490234e-01 5.515688285231590271e-02
9.142443537712097168e-01 8.575558662414550781e-02
9.630705714225769043e-01 3.692949190735816956e-02
9.515240788459777832e-01 4.847593232989311218e-02
9.108386635780334473e-01 8.916130661964416504e-02
9.110138416290283203e-01 8.898615092039108276e-02
9.705941677093505859e-01 2.940581180155277252e-02
8.916279077529907227e-01 1.083721220493316650e-01
9.644849300384521484e-01 3.551501780748367310e-02
8.850453495979309082e-01 1.149546205997467041e-01
