4.980784654617309570e-02 9.501922130584716797e-01
5.518947169184684753e-02 9.448105692863464355e-01
1.378612872213125229e-02 9.862138628959655762e-01
4.944809153676033020e-02 9.505519270896911621e-01
3.848136216402053833e-02 9.615187048912048340e-01
5.154994502663612366e-02 9.484500885009765625e-01
2.587899006903171539e-02 9.741210341453552246e-01
4.682091623544692993e-02 9.531790614128112793e-01
6.472539901733398438e-02 9.352746009826660156e-01
3.297863155603408813e-02 9.670213460922241211e-01
4.966422542929649353e-02 9.503358006477355957e-01
4.505746439099311829e-02 9.549425244331359863e-01
3.701061755418777466e-02 9.629893898963928223e-01
6.452655792236328125e-02 9.354733824729919434e-01
3.951802849769592285e-02 9.604820013046264648e-01
5.031294375658035278e-02 9.496870636940002441e-01
5.463400110602378845e-02 9.453660845756530762e-01
5.442315340042114258e-02 9.455768465995788574e-01
1.460888329893350601e-02 9.853910803794860840e-01
4.935615882277488708e-02 9.506438374519348145e-01
4.815523698925971985e-02 9.518447518348693848e-01
3.710081055760383606e-02 9.628992676734924316e-01
5.062624067068099976e-02 9.493737816810607910e-01
3.483526036143302917e-02 9.651647210121154785e-01
6.040416657924652100e-02 9.395958781242370605e-01
3.424700722098350525e-02 9.657529592514038086e-01
2.810064889490604401e-02 9.718993902206420898e-01
3.719030693173408508e-02 9.628096818923950195e-01
4.683680459856987000e-02 9.531632065773010254e-01
3.950674086809158325e-02 9.604933261871337891e-01
3.669735789299011230e-02 9.633026123046875000e-01
6.240997463464736938e-02 9.375900626182556152e-01
4.060636833310127258e-02 9.593936204910278320e-01
3.923243284225463867e-02 9.607675671577453613e-01
4.465848580002784729e-02 9.553415179252624512e-01
3.632208332419395447e-02 9.636779427528381348e-01
2.511169016361236572e-02 9.748883247375488281e-01
3.653049468994140625e-02 9.634695053100585938e-01
3.986859321594238281e-02 9.601314067840576172e-01
4.724830389022827148e-02 9.527516961097717285e-01
7.529065012931823730e-02 9.247093796730041504e-01
5.443764477968215942e-02 9.455623626708984375e-01
5.806011706590652466e-02 9.419398903846740723e-01
3.309215605258941650e-02 9.669077992439270020e-01
3.348918631672859192e-02 9.665108323097229004e-01
4.115319624543190002e-02 9.588467478752136230e-01
4.697528481483459473e-02 9.530247449874877930e-01
5.166199803352355957e-02 9.483380317687988281e-01
5.320388078689575195e-02 9.467961192131042480e-01
8.396202465519309044e-04 9.991604089736938477e-01
9.509353637695312500e-01 4.906459152698516846e-02
9.694557189941406250e-01 3.054426610469818115e-02
8.958117365837097168e-01 1.041882485151290894e-01
9.282929301261901855e-01 7.170704752206802368e-02
9.644827842712402344e-01 3.551726043224334717e-02
9.628859758377075195e-01 3.711400181055068970e-02
9.431115388870239258e-01 5.688850209116935730e-02
9.296072125434875488e-01 7.039278000593185425e-02
9.172846674919128418e-01 8.271530270576477051e-02
9.545125961303710938e-01 4.548743367195129395e-02
9.605672359466552734e-01 3.943274542689323425e-02
9.699249863624572754e-01 3.007504343986511230e-02
9.462049603462219238e-01 5.379504710435867310e-02
9.165571331977844238e-01 8.344281464815139771e-02
9.217332601547241211e-01 7.826671749353408813e-02
9.780964851379394531e-01 2.190347760915756226e-02
9.246998429298400879e-01 7.530018687248229980e-02
9.330692291259765625e-01 6.693080067634582520e-02
9.680259823799133301e-01 3.197396546602249146e-02
9.526848793029785156e-01 4.731509461998939514e-02
9.353836774826049805e-01 6.461635977029800415e-02
9.618811011314392090e-01 3.811887279152870178e-02
9.601027369499206543e-01 3.989732638001441956e-02
9.379206299781799316e-01 6.207938119769096375e-02
9.450848102569580078e-01 5.491516739130020142e-02
9.333158731460571289e-01 6.668417155742645264e-02
9.243127703666687012e-01 7.568722218275070190e-02
9.419180750846862793e-01 5.808189138770103455e-02
9.461442828178405762e-01 5.385572090744972229e-02
9.453502297401428223e-01 5.464979633688926697e-02
9.444355368614196777e-01 5.556452274322509766e-02
9.534441828727722168e-01 4.655582830309867859e-02
9.623390436172485352e-01 3.766090422868728638e-02
9.841651320457458496e-01 1.583486050367355347e-02
9.598841071128845215e-01 4.011584073305130005e-02
9.170601963996887207e-01 8.293980360031127930e-02
9.501619935035705566e-01 4.983798041939735413e-02
9.547945857048034668e-01 4.520541056990623474e-02
9.489631652832031250e-01 5.103688314557075500e-02
9.792826175689697266e-01 2.071735449135303497e-02
9.537074565887451172e-01 4.629254713654518127e-02
9.244331121444702148e-01 7.556685060262680054e-02
9.693508148193359375e-01 3.064917214214801788e-02
9.588713645935058594e-01 4.112865030765533447e-02
9.178193211555480957e-01 8.218066394329071045e-02
9.161707758903503418e-01 8.382924646139144897e-02
9.726382493972778320e-01 2.736168913543224335e-02
8.978627324104309082e-01 1.021372377872467041e-01
9.628396630287170410e-01 3.716029226779937744e-02
8.913132548332214355e-01 1.086867079138755798e-01
