4.478961601853370667e-02 9.552103877067565918e-01
4.954211786389350891e-02 9.504578709602355957e-01
1.154637243598699570e-02 9.884536266326904297e-01
4.424546658992767334e-02 9.557545185089111328e-01
3.368282318115234375e-02 9.663171172142028809e-01
4.614305123686790466e-02 9.538569450378417969e-01
2.184035256505012512e-02 9.781596064567565918e-01
4.179671779274940491e-02 9.582032561302185059e-01
5.939344316720962524e-02 9.406065344810485840e-01
2.836249023675918579e-02 9.716375470161437988e-01
4.329813644289970398e-02 9.567018151283264160e-01
4.002650454640388489e-02 9.599734544754028320e-01
3.260359540581703186e-02 9.673963785171508789e-01
6.102137267589569092e-02 9.389786720275878906e-01
3.549939021468162537e-02 9.645005464553833008e-01
4.648608714342117310e-02 9.535139203071594238e-01
4.973971098661422729e-02 9.502603411674499512e-01
4.965763166546821594e-02 9.503422975540161133e-01
1.257580891251564026e-02 9.874241352081298828e-01
4.420058429241180420e-02 9.557994008064270020e-01
4.591038078069686890e-02 9.540896415710449219e-01
3.277610614895820618e-02 9.672239422798156738e-01
4.638325050473213196e-02 9.536167979240417480e-01
3.087220713496208191e-02 9.691278338432312012e-01
5.808321014046669006e-02 9.419168233871459961e-01
2.957783639430999756e-02 9.704222083091735840e-01
2.593436837196350098e-02 9.740656018257141113e-01
3.266825899481773376e-02 9.673317074775695801e-01
4.222546517848968506e-02 9.577745795249938965e-01
3.383405134081840515e-02 9.661659598350524902e-01
3.187269344925880432e-02 9.681273102760314941e-01
5.947352573275566101e-02 9.405264854431152344e-01
3.604904934763908386e-02 9.639509320259094238e-01
3.473565727472305298e-02 9.652643203735351562e-01
4.013619199395179749e-02 9.598637819290161133e-01
3.298525139689445496e-02 9.670147895812988281e-01
2.185422554612159729e-02 9.781458377838134766e-01
3.151417151093482971e-02 9.684858918190002441e-01
3.593244403600692749e-02 9.640675187110900879e-01
4.274797812104225159e-02 9.572519659996032715e-01
6.902816891670227051e-02 9.309718608856201172e-01
5.115714296698570251e-02 9.488428235054016113e-01
5.472049489617347717e-02 9.452795386314392090e-01
3.051463514566421509e-02 9.694853425025939941e-01
2.884673513472080231e-02 9.711532592773437500e-01
3.529670834541320801e-02 9.647032618522644043e-01
4.200239107012748718e-02 9.579976201057434082e-01
4.624843224883079529e-02 9.537516236305236816e-01
5.048069730401039124e-02 9.495193362236022949e-01
6.389780319295823574e-04 9.993610382080078125e-01
9.590344429016113281e-01 4.096555709838867188e-02
9.747757911682128906e-01 2.522424608469009399e-02
9.044692516326904297e-01 9.553076326847076416e-02
9.345844984054565430e-01 6.541542708873748779e-02
9.716906547546386719e-01 2.830938808619976044e-02
9.696121811866760254e-01 3.038783185184001923e-02
9.489049315452575684e-01 5.109503865242004395e-02
9.376395344734191895e-01 6.236043199896812439e-02
9.248962402343750000e-01 7.510367035865783691e-02
9.607279300689697266e-01 3.927208855748176575e-02
9.665150642395019531e-01 3.348490968346595764e-02
9.750248193740844727e-01 2.497520484030246735e-02
9.538609981536865234e-01 4.613897576928138733e-02
9.176473617553710938e-01 8.235267549753189087e-02
9.283623099327087402e-01 7.163771986961364746e-02
9.824414849281311035e-01 1.755850948393344879e-02
9.306156635284423828e-01 6.938436627388000488e-02
9.413488507270812988e-01 5.865121260285377502e-02
9.743005633354187012e-01 2.569943852722644806e-02
9.587321281433105469e-01 4.126785695552825928e-02
9.429970383644104004e-01 5.700289085507392883e-02
9.677194952964782715e-01 3.228049352765083313e-02
9.669974446296691895e-01 3.300258144736289978e-02
9.442641139030456543e-01 5.573587119579315186e-02
9.516767859458923340e-01 4.832324758172035217e-02
9.391782879829406738e-01 6.082172691822052002e-02
9.284776449203491211e-01 7.152236253023147583e-02
9.511271715164184570e-01 4.887283965945243835e-02
9.510824084281921387e-01 4.891757294535636902e-02
9.517747759819030762e-01 4.822525754570960999e-02
9.518526792526245117e-01 4.814736545085906982e-02
9.612690806388854980e-01 3.873095288872718811e-02
9.670773744583129883e-01 3.292259201407432556e-02
9.872468113899230957e-01 1.275317277759313583e-02
9.675393104553222656e-01 3.246070817112922668e-02
9.265338182449340820e-01 7.346625626087188721e-02
9.563006758689880371e-01 4.369932413101196289e-02
9.623997807502746582e-01 3.760018199682235718e-02
9.555545449256896973e-01 4.444545879960060120e-02
9.833333492279052734e-01 1.666663959622383118e-02
9.605742692947387695e-01 3.942571207880973816e-02
9.344694614410400391e-01 6.553052365779876709e-02
9.739643335342407227e-01 2.603567205369472504e-02
9.649877548217773438e-01 3.501224890351295471e-02
9.238439798355102539e-01 7.615599036216735840e-02
9.199595451354980469e-01 8.004044741392135620e-02
9.747910499572753906e-01 2.520890720188617706e-02
9.035273194313049316e-01 9.647271782159805298e-02
9.613794684410095215e-01 3.862059116363525391e-02
8.968864679336547852e-01 1.031135991215705872e-01
