4.009569436311721802e-02 9.599043130874633789e-01
4.578868672251701355e-02 9.542113542556762695e-01
9.863823652267456055e-03 9.901361465454101562e-01
3.973516821861267090e-02 9.602648019790649414e-01
2.961843274533748627e-02 9.703815579414367676e-01
4.177824407815933228e-02 9.582217931747436523e-01
1.875300891697406769e-02 9.812470078468322754e-01
3.723943233489990234e-02 9.627605080604553223e-01
5.682383850216865540e-02 9.431760907173156738e-01
2.474281378090381622e-02 9.752572178840637207e-01
3.905891627073287964e-02 9.609410762786865234e-01
3.567042574286460876e-02 9.643295407295227051e-01
2.933502011001110077e-02 9.706649780273437500e-01
5.585979670286178589e-02 9.441401958465576172e-01
3.149737045168876648e-02 9.685025811195373535e-01
4.307094588875770569e-02 9.569290280342102051e-01
4.506609216332435608e-02 9.549339413642883301e-01
4.653169587254524231e-02 9.534683227539062500e-01
1.060196757316589355e-02 9.893980622291564941e-01
3.991436585783958435e-02 9.600856304168701172e-01
4.271836206316947937e-02 9.572816491127014160e-01
2.902757376432418823e-02 9.709724187850952148e-01
4.174965247511863708e-02 9.582503437995910645e-01
2.724040858447551727e-02 9.727596044540405273e-01
5.473948642611503601e-02 9.452605247497558594e-01
2.576787583529949188e-02 9.742321372032165527e-01
2.453393675386905670e-02 9.754660725593566895e-01
2.938735857605934143e-02 9.706126451492309570e-01
3.730156272649765015e-02 9.626984000205993652e-01
2.929343469440937042e-02 9.707065820693969727e-01
2.699844539165496826e-02 9.730014801025390625e-01
5.546031519770622253e-02 9.445396661758422852e-01
3.161353617906570435e-02 9.683864116668701172e-01
3.059687465429306030e-02 9.694030880928039551e-01
3.623586520552635193e-02 9.637641310691833496e-01
2.878932468593120575e-02 9.712106585502624512e-01
1.889318041503429413e-02 9.811068177223205566e-01
2.796713635325431824e-02 9.720328450202941895e-01
3.163221850991249084e-02 9.683677554130554199e-01
3.921014443039894104e-02 9.607898592948913574e-01
6.368336081504821777e-02 9.363165497779846191e-01
4.833040013909339905e-02 9.516696333885192871e-01
5.000079423189163208e-02 9.499992132186889648e-01
2.797837182879447937e-02 9.720216989517211914e-01
2.467685006558895111e-02 9.753232002258300781e-01
3.025121241807937622e-02 9.697487950325012207e-01
3.725533932447433472e-02 9.627446532249450684e-01
4.152559116482734680e-02 9.584744572639465332e-01
4.667285457253456116e-02 9.533271193504333496e-01
5.054598441347479820e-04 9.994944930076599121e-01
9.632747769355773926e-01 3.672524541616439819e-02
9.794588685035705566e-01 2.054111845791339874e-02
9.076744914054870605e-01 9.232551604509353638e-02
9.421469569206237793e-01 5.785307288169860840e-02
9.768461585044860840e-01 2.315376140177249908e-02
9.748933315277099609e-01 2.510661445558071136e-02
9.549149870872497559e-01 4.508497193455696106e-02
9.423495531082153320e-01 5.765038356184959412e-02
9.335315823554992676e-01 6.646845489740371704e-02
9.656103849411010742e-01 3.438963368535041809e-02
9.711986780166625977e-01 2.880132570862770081e-02
9.796448349952697754e-01 2.035517059266567230e-02
9.595948457717895508e-01 4.040518030524253845e-02
9.215832352638244629e-01 7.841673493385314941e-02
9.342739582061767578e-01 6.572608649730682373e-02
9.860318899154663086e-01 1.396808680146932602e-02
9.354383945465087891e-01 6.456157565116882324e-02
9.466469883918762207e-01 5.335297808051109314e-02
9.799872040748596191e-01 2.001276239752769470e-02
9.639366865158081055e-01 3.606333211064338684e-02
9.497066736221313477e-01 5.029333755373954773e-02
9.729632735252380371e-01 2.703673765063285828e-02
9.729369878768920898e-01 2.706305496394634247e-02
9.481932520866394043e-01 5.180669575929641724e-02
9.575488567352294922e-01 4.245113953948020935e-02
9.464465975761413574e-01 5.355339124798774719e-02
9.373317956924438477e-01 6.266815960407257080e-02
9.586184620857238770e-01 4.138153418898582458e-02
9.568126797676086426e-01 4.318726807832717896e-02
9.559422731399536133e-01 4.405771568417549133e-02
9.596774578094482422e-01 4.032250493764877319e-02
9.672909975051879883e-01 3.270907327532768250e-02
9.703431725502014160e-01 2.965675666928291321e-02
9.897020459175109863e-01 1.029800251126289368e-02
9.722605943679809570e-01 2.773933671414852142e-02
9.340662360191345215e-01 6.593369692564010620e-02
9.612718224525451660e-01 3.872811794281005859e-02
9.672303199768066406e-01 3.276965767145156860e-02
9.603191018104553223e-01 3.968093544244766235e-02
9.868285059928894043e-01 1.317150704562664032e-02
9.664833545684814453e-01 3.351661935448646545e-02
9.402584433555603027e-01 5.974154174327850342e-02
9.782984256744384766e-01 2.170156873762607574e-02
9.702756404876708984e-01 2.972434088587760925e-02
9.261730313301086426e-01 7.382699847221374512e-02
9.245591163635253906e-01 7.544090598821640015e-02
9.762790203094482422e-01 2.372092194855213165e-02
9.095890522003173828e-01 9.041097760200500488e-02
9.616328477859497070e-01 3.836719691753387451e-02
9.044032692909240723e-01 9.559672325849533081e-02
