2.749967575073242188e-01 7.250033020973205566e-01
3.006242811679840088e-01 6.993757486343383789e-01
7.162344455718994141e-02 9.283765554428100586e-01
3.353321552276611328e-01 6.646678447723388672e-01
2.778139710426330566e-01 7.221859693527221680e-01
3.616431355476379395e-01 6.383568644523620605e-01
2.501586973667144775e-01 7.498412132263183594e-01
1.930834203958511353e-01 8.069165945053100586e-01
2.940860688686370850e-01 7.059138417243957520e-01
2.152133584022521973e-01 7.847867012023925781e-01
2.802900075912475586e-01 7.197099328041076660e-01
2.579818069934844971e-01 7.420182228088378906e-01
2.932402789592742920e-01 7.067597508430480957e-01
3.770751059055328369e-01 6.229248642921447754e-01
2.090104073286056519e-01 7.909895777702331543e-01
2.571993470191955566e-01 7.428006529808044434e-01
3.940551280975341797e-01 6.059448122978210449e-01
2.505437731742858887e-01 7.494562268257141113e-01
8.024214208126068115e-02 9.197578430175781250e-01
3.502077758312225342e-01 6.497922539710998535e-01
1.440506130456924438e-01 8.559494018554687500e-01
2.447899580001831055e-01 7.552099823951721191e-01
2.548237442970275879e-01 7.451763153076171875e-01
3.362992703914642334e-01 6.637007594108581543e-01
1.844288110733032227e-01 8.155711889266967773e-01
1.874166429042816162e-01 8.125833868980407715e-01
6.695101410150527954e-02 9.330490231513977051e-01
2.442584484815597534e-01 7.557414770126342773e-01
2.482268214225769043e-01 7.517731785774230957e-01
2.884943783283233643e-01 7.115056514739990234e-01
3.048303425312042236e-01 6.951696276664733887e-01
3.417716622352600098e-01 6.582283377647399902e-01
2.480674535036087036e-01 7.519325017929077148e-01
2.552450299263000488e-01 7.447550296783447266e-01
2.907029390335083008e-01 7.092971205711364746e-01
1.901267617940902710e-01 8.098732829093933105e-01
1.332785785198211670e-01 8.667214512825012207e-01
2.820592224597930908e-01 7.179408073425292969e-01
2.591194510459899902e-01 7.408805489540100098e-01
1.656114310026168823e-01 8.343886137008666992e-01
5.174834132194519043e-01 4.825166165828704834e-01
1.952115595340728760e-01 8.047884106636047363e-01
2.416028231382369995e-01 7.583971619606018066e-01
1.055172532796859741e-01 8.944827318191528320e-01
2.812937498092651367e-01 7.187063097953796387e-01
4.451199769973754883e-01 5.548800230026245117e-01
3.093703687191009521e-01 6.906296610832214355e-01
2.317944318056106567e-01 7.682055234909057617e-01
2.923122644424438477e-01 7.076877355575561523e-01
6.976195145398378372e-03 9.930238127708435059e-01
7.651873826980590820e-01 2.348126173019409180e-01
6.635572314262390137e-01 3.364427089691162109e-01
5.800221562385559082e-01 4.199778437614440918e-01
5.870760083198547363e-01 4.129239618778228760e-01
6.092165708541870117e-01 3.907833993434906006e-01
6.410234570503234863e-01 3.589765727519989014e-01
7.808431386947631836e-01 2.191568166017532349e-01
6.715614795684814453e-01 3.284385502338409424e-01
4.837464392185211182e-01 5.162535309791564941e-01
7.558272480964660645e-01 2.441727966070175171e-01
7.884589433670043945e-01 2.115410864353179932e-01
7.784928083419799805e-01 2.215071618556976318e-01
5.880867242813110352e-01 4.119132757186889648e-01
7.385985255241394043e-01 2.614014446735382080e-01
6.081153154373168945e-01 3.918846547603607178e-01
8.726413846015930176e-01 1.273586452007293701e-01
7.087588906288146973e-01 2.912411391735076904e-01
7.062751650810241699e-01 2.937248647212982178e-01
5.071533322334289551e-01 4.928466975688934326e-01
1.000548526644706726e-01 8.999451398849487305e-01
5.969907045364379883e-01 4.030093550682067871e-01
7.501657605171203613e-01 2.498342245817184448e-01
6.200321316719055176e-01 3.799678981304168701e-01
7.138051986694335938e-01 2.861948013305664062e-01
6.787608265876770020e-01 3.212391138076782227e-01
5.547686815261840820e-01 4.452312886714935303e-01
6.340865492820739746e-01 3.659135103225708008e-01
4.215872585773468018e-01 5.784127116203308105e-01
8.186172246932983398e-01 1.813827902078628540e-01
6.776676774024963379e-01 3.223323523998260498e-01
5.914139747619628906e-01 4.085860848426818848e-01
5.705404877662658691e-01 4.294595122337341309e-01
9.175230264663696289e-01 8.247695118188858032e-02
9.240886569023132324e-01 7.591133564710617065e-02
7.343516945838928223e-01 2.656482458114624023e-01
5.614246726036071777e-01 4.385753571987152100e-01
7.455597519874572754e-01 2.544402778148651123e-01
7.494096755981445312e-01 2.505903244018554688e-01
6.158919930458068848e-01 3.841080069541931152e-01
8.964619636535644531e-01 1.035380885004997253e-01
6.339023113250732422e-01 3.660976588726043701e-01
6.702092289924621582e-01 3.297907710075378418e-01
8.871859312057495117e-01 1.128140240907669067e-01
6.981485486030578613e-01 3.018514215946197510e-01
7.913116216659545898e-01 2.086884081363677979e-01
7.602179050445556641e-01 2.397820502519607544e-01
9.592400789260864258e-01 4.075988382101058960e-02
6.934126019477844238e-01 3.065873980522155762e-01
9.754707217216491699e-01 2.452930435538291931e-02
6.112540960311889648e-01 3.887459337711334229e-01
