1.378360986709594727e-01 8.621639013290405273e-01
1.452733427286148071e-01 8.547266125679016113e-01
4.764850065112113953e-02 9.523514509201049805e-01
1.439608484506607056e-01 8.560391664505004883e-01
1.359537243843078613e-01 8.640462756156921387e-01
1.597726047039031982e-01 8.402273654937744141e-01
1.091457977890968323e-01 8.908542394638061523e-01
1.169265806674957275e-01 8.830733895301818848e-01
1.487843245267868042e-01 8.512156605720520020e-01
1.075442433357238770e-01 8.924558162689208984e-01
1.323253810405731201e-01 8.676745891571044922e-01
1.356877982616424561e-01 8.643121719360351562e-01
1.272450238466262817e-01 8.727549314498901367e-01
1.572980284690856934e-01 8.427019715309143066e-01
1.140332147479057312e-01 8.859667778015136719e-01
1.313315629959106445e-01 8.686684370040893555e-01
1.636987775564193726e-01 8.363012075424194336e-01
1.316530704498291016e-01 8.683468699455261230e-01
4.891901835799217224e-02 9.510810375213623047e-01
1.453087329864501953e-01 8.546913266181945801e-01
9.891489893198013306e-02 9.010851383209228516e-01
1.148157939314842224e-01 8.851841688156127930e-01
1.309283524751663208e-01 8.690716624259948730e-01
1.286102235317230225e-01 8.713897466659545898e-01
1.213510483503341675e-01 8.786489963531494141e-01
1.064469292759895325e-01 8.935530185699462891e-01
5.164521932601928711e-02 9.483548402786254883e-01
1.117552965879440308e-01 8.882446885108947754e-01
1.346597969532012939e-01 8.653401732444763184e-01
1.410415023565292358e-01 8.589585423469543457e-01
1.309903711080551147e-01 8.690096735954284668e-01
1.613915115594863892e-01 8.386085033416748047e-01
1.298564374446868896e-01 8.701435923576354980e-01
1.328314542770385742e-01 8.671684861183166504e-01
1.279478371143341064e-01 8.720521926879882812e-01
1.046876981854438782e-01 8.953123092651367188e-01
8.104827255010604858e-02 9.189517498016357422e-01
1.288649141788482666e-01 8.711350560188293457e-01
1.257255673408508301e-01 8.742744922637939453e-01
1.083066388964653015e-01 8.916932940483093262e-01
1.851847320795059204e-01 8.148152232170104980e-01
1.228673830628395081e-01 8.771325945854187012e-01
1.324037462472915649e-01 8.675963282585144043e-01
7.440602034330368042e-02 9.255939722061157227e-01
1.354142427444458008e-01 8.645858168601989746e-01
1.628738343715667725e-01 8.371261358261108398e-01
1.423480063676834106e-01 8.576520681381225586e-01
1.281930655241012573e-01 8.718068599700927734e-01
1.423692852258682251e-01 8.576306700706481934e-01
4.211346153169870377e-03 9.957886338233947754e-01
8.549416065216064453e-01 1.450584232807159424e-01
8.337147831916809082e-01 1.662851721048355103e-01
7.778870463371276855e-01 2.221129685640335083e-01
7.918971776962280273e-01 2.081028819084167480e-01
8.220282793045043945e-01 1.779716610908508301e-01
8.308665752410888672e-01 1.691334247589111328e-01
8.546233773231506348e-01 1.453766524791717529e-01
8.069189190864562988e-01 1.930810511112213135e-01
7.759323120117187500e-01 2.240676730871200562e-01
8.534696698188781738e-01 1.465303301811218262e-01
8.657594919204711914e-01 1.342404931783676147e-01
8.702532649040222168e-01 1.297467648983001709e-01
8.072715401649475098e-01 1.927284896373748779e-01
8.166506290435791016e-01 1.833493560552597046e-01
7.975587248802185059e-01 2.024412602186203003e-01
9.089860320091247559e-01 9.101395308971405029e-02
8.097879290580749512e-01 1.902120709419250488e-01
8.226271867752075195e-01 1.773727983236312866e-01
8.132223486900329590e-01 1.867776215076446533e-01
7.782623171806335449e-01 2.217376530170440674e-01
7.985222339630126953e-01 2.014777660369873047e-01
8.529772758483886719e-01 1.470227688550949097e-01
8.268839716911315918e-01 1.731160134077072144e-01
8.277924060821533203e-01 1.722075492143630981e-01
8.275203704833984375e-01 1.724795997142791748e-01
7.826678156852722168e-01 2.173322290182113647e-01
8.107892274856567383e-01 1.892107427120208740e-01
7.692916989326477051e-01 2.307083457708358765e-01
8.694446086883544922e-01 1.305553466081619263e-01
8.331062793731689453e-01 1.668937653303146362e-01
8.077259659767150879e-01 1.922740489244461060e-01
7.995029091835021973e-01 2.004970610141754150e-01
9.253219366073608398e-01 7.467807084321975708e-02
9.406472444534301758e-01 5.935282632708549500e-02
8.401858806610107422e-01 1.598141938447952271e-01
7.981809973716735840e-01 2.018190175294876099e-01
8.440999984741210938e-01 1.558999568223953247e-01
8.412463068962097168e-01 1.587536633014678955e-01
8.101654052734375000e-01 1.898345351219177246e-01
9.233081340789794922e-01 7.669192552566528320e-02
8.175629377365112305e-01 1.824370920658111572e-01
7.952317595481872559e-01 2.047682404518127441e-01
9.058340191841125488e-01 9.416596591472625732e-02
8.370719552040100098e-01 1.629280894994735718e-01
8.474492430686950684e-01 1.525507569313049316e-01
8.329222202301025391e-01 1.670777648687362671e-01
9.618906974792480469e-01 3.810923919081687927e-02
8.030433654785156250e-01 1.969566792249679565e-01
9.743232727050781250e-01 2.567681111395359039e-02
7.792099714279174805e-01 2.207900136709213257e-01
