1.049266383051872253e-01 8.950732946395874023e-01
1.096019670367240906e-01 8.903980851173400879e-01
3.613935410976409912e-02 9.638606309890747070e-01
1.068630442023277283e-01 8.931369781494140625e-01
9.934961050748825073e-02 9.006503820419311523e-01
1.155340299010276794e-01 8.844659328460693359e-01
7.665711641311645508e-02 9.233428835868835449e-01
9.078429639339447021e-02 9.092156887054443359e-01
1.114184111356735229e-01 8.885815739631652832e-01
8.217941969633102417e-02 9.178205132484436035e-01
9.727752208709716797e-02 9.027224779129028320e-01
1.028384640812873840e-01 8.971614837646484375e-01
8.941491693258285522e-02 9.105850458145141602e-01
1.189004182815551758e-01 8.810995817184448242e-01
8.808418363332748413e-02 9.119157791137695312e-01
9.766925126314163208e-02 9.023307561874389648e-01
1.208518818020820618e-01 8.791480660438537598e-01
1.016635596752166748e-01 8.983364701271057129e-01
3.750227764248847961e-02 9.624977707862854004e-01
1.096014007925987244e-01 8.903985619544982910e-01
7.943654060363769531e-02 9.205634593963623047e-01
8.254907280206680298e-02 9.174509048461914062e-01
9.870580583810806274e-02 9.012942314147949219e-01
9.056396037340164185e-02 9.094361066818237305e-01
9.960108250379562378e-02 9.003988504409790039e-01
7.974960654973983765e-02 9.202503561973571777e-01
4.472380131483078003e-02 9.552762508392333984e-01
8.461029082536697388e-02 9.153897166252136230e-01
1.043085753917694092e-01 8.956914544105529785e-01
1.022948324680328369e-01 8.977051973342895508e-01
9.327685832977294922e-02 9.067231416702270508e-01
1.197830215096473694e-01 8.802169561386108398e-01
9.649835526943206787e-02 9.035016894340515137e-01
9.762752056121826172e-02 9.023724198341369629e-01
9.442233294248580933e-02 9.055776596069335938e-01
7.882297784090042114e-02 9.211770892143249512e-01
5.979857966303825378e-02 9.402014017105102539e-01
9.389252960681915283e-02 9.061074256896972656e-01
9.225596487522125244e-02 9.077440500259399414e-01
8.746379613876342773e-02 9.125362038612365723e-01
1.415951251983642578e-01 8.584049344062805176e-01
9.935548156499862671e-02 9.006444811820983887e-01
1.056101396679878235e-01 8.943898081779479980e-01
6.317097693681716919e-02 9.368290305137634277e-01
9.463760256767272949e-02 9.053623676300048828e-01
1.116694509983062744e-01 8.883305191993713379e-01
1.045957952737808228e-01 8.954042196273803711e-01
9.832549095153808594e-02 9.016745090484619141e-01
1.036624163389205933e-01 8.963376283645629883e-01
3.080660011619329453e-03 9.969193935394287109e-01
8.870860934257507324e-01 1.129138767719268799e-01
8.898781538009643555e-01 1.101219132542610168e-01
8.209813237190246582e-01 1.790187060832977295e-01
8.414064049720764160e-01 1.585936248302459717e-01
8.804702758789062500e-01 1.195297390222549438e-01
8.802312016487121582e-01 1.197687759995460510e-01
8.839120864868164062e-01 1.160879284143447876e-01
8.483020663261413574e-01 1.516979187726974487e-01
8.350629210472106934e-01 1.649371385574340820e-01
8.849520683288574219e-01 1.150478869676589966e-01
8.964889645576477051e-01 1.035110205411911011e-01
9.070799946784973145e-01 9.291995316743850708e-02
8.599701523780822754e-01 1.400298625230789185e-01
8.451718688011169434e-01 1.548281908035278320e-01
8.412683010101318359e-01 1.587317138910293579e-01
9.308036565780639648e-01 6.919640302658081055e-02
8.519732952117919922e-01 1.480267196893692017e-01
8.593066930770874023e-01 1.406932771205902100e-01
8.752396106719970703e-01 1.247603595256805420e-01
8.522899150848388672e-01 1.477101296186447144e-01
8.490074872970581055e-01 1.509924829006195068e-01
8.903152942657470703e-01 1.096846535801887512e-01
8.787119984626770020e-01 1.212880685925483704e-01
8.635749816894531250e-01 1.364250481128692627e-01
8.689969778060913086e-01 1.310030817985534668e-01
8.405936360359191895e-01 1.594063192605972290e-01
8.545405864715576172e-01 1.454593539237976074e-01
8.359453082084655762e-01 1.640547215938568115e-01
8.917805552482604980e-01 1.082193776965141296e-01
8.745139837265014648e-01 1.254860758781433105e-01
8.608905673027038574e-01 1.391094624996185303e-01
8.598980307579040527e-01 1.401020139455795288e-01
9.340146780014038086e-01 6.598540395498275757e-02
9.532130956649780273e-01 4.678691551089286804e-02
8.841511607170104980e-01 1.158488765358924866e-01
8.518288731575012207e-01 1.481711119413375854e-01
8.773113489151000977e-01 1.226886138319969177e-01
8.813169598579406738e-01 1.186829954385757446e-01
8.610538244247436523e-01 1.389461606740951538e-01
9.389333128929138184e-01 6.106674298644065857e-02
8.679972887039184570e-01 1.320027112960815430e-01
8.348189592361450195e-01 1.651810705661773682e-01
9.227067232131958008e-01 7.729329913854598999e-02
8.856690526008605957e-01 1.143310219049453735e-01
8.670501112937927246e-01 1.329498440027236938e-01
8.618184328079223633e-01 1.381815224885940552e-01
9.632909297943115234e-01 3.670899942517280579e-02
8.342648744583129883e-01 1.657351255416870117e-01
9.717772603034973145e-01 2.822270803153514862e-02
8.205945491790771484e-01 1.794054210186004639e-01
