8.613794296979904175e-02 9.138619899749755859e-01
9.017443656921386719e-02 9.098255038261413574e-01
2.859605662524700165e-02 9.714039564132690430e-01
8.721600472927093506e-02 9.127840399742126465e-01
7.800135016441345215e-02 9.219986200332641602e-01
9.127987176179885864e-02 9.087201356887817383e-01
5.781245231628417969e-02 9.421875476837158203e-01
7.563909888267517090e-02 9.243609309196472168e-01
9.489874541759490967e-02 9.051012992858886719e-01
6.570146977901458740e-02 9.342985749244689941e-01
8.024287968873977661e-02 9.197571277618408203e-01
8.207529783248901367e-02 9.179246425628662109e-01
7.023167610168457031e-02 9.297683238983154297e-01
1.000272259116172791e-01 8.999727368354797363e-01
6.918964534997940063e-02 9.308103322982788086e-01
8.133292943239212036e-02 9.186670184135437012e-01
9.712990373373031616e-02 9.028701186180114746e-01
8.526874333620071411e-02 9.147312641143798828e-01
3.026326000690460205e-02 9.697367548942565918e-01
8.702044188976287842e-02 9.129795432090759277e-01
6.558384001255035400e-02 9.344161748886108398e-01
6.612610816955566406e-02 9.338739514350891113e-01
8.226918429136276245e-02 9.177308082580566406e-01
6.989791244268417358e-02 9.301021099090576172e-01
8.610060065984725952e-02 9.138994216918945312e-01
6.517226994037628174e-02 9.348276853561401367e-01
4.031591489911079407e-02 9.596841335296630859e-01
6.707101315259933472e-02 9.329290390014648438e-01
8.437660336494445801e-02 9.156234264373779297e-01
8.215565979480743408e-02 9.178442955017089844e-01
7.342813163995742798e-02 9.265719056129455566e-01
9.795997291803359985e-02 9.020400643348693848e-01
7.593979686498641968e-02 9.240602254867553711e-01
7.744673639535903931e-02 9.225531816482543945e-01
7.609503716230392456e-02 9.239049553871154785e-01
6.299628317356109619e-02 9.370036721229553223e-01
4.874921962618827820e-02 9.512507915496826172e-01
7.370811700820922852e-02 9.262918233871459961e-01
7.319076359272003174e-02 9.268092513084411621e-01
7.466457784175872803e-02 9.253354072570800781e-01
1.163431406021118164e-01 8.836568593978881836e-01
8.447110652923583984e-02 9.155289530754089355e-01
8.971071988344192505e-02 9.102893471717834473e-01
5.451228097081184387e-02 9.454877376556396484e-01
7.140512764453887939e-02 9.285948872566223145e-01
8.399207144975662231e-02 9.160079360008239746e-01
8.633166551589965820e-02 9.136683344841003418e-01
8.153784275054931641e-02 9.184621572494506836e-01
8.721346408128738403e-02 9.127866029739379883e-01
2.347682835534214973e-03 9.976523518562316895e-01
9.066490530967712402e-01 9.335096925497055054e-02
9.176806807518005371e-01 8.231928199529647827e-02
8.508695363998413086e-01 1.491304636001586914e-01
8.748850226402282715e-01 1.251150369644165039e-01
9.114778637886047363e-01 8.852213621139526367e-02
9.092565774917602539e-01 9.074341505765914917e-02
9.032250046730041504e-01 9.677496552467346191e-02
8.740998506546020508e-01 1.259001642465591431e-01
8.637416362762451172e-01 1.362583190202713013e-01
9.077676534652709961e-01 9.223236143589019775e-02
9.206644892692565918e-01 7.933551073074340820e-02
9.294056296348571777e-01 7.059440761804580688e-02
8.887748718261718750e-01 1.112250909209251404e-01
8.691322207450866699e-01 1.308678537607192993e-01
8.718008399009704590e-01 1.281991302967071533e-01
9.459689855575561523e-01 5.403108149766921997e-02
8.730645775794982910e-01 1.269354671239852905e-01
8.852813839912414551e-01 1.147186756134033203e-01
9.119582772254943848e-01 8.804173022508621216e-02
8.895766735076904297e-01 1.104233264923095703e-01
8.815504908561706543e-01 1.184495389461517334e-01
9.152618646621704102e-01 8.473812788724899292e-02
9.046801924705505371e-01 9.531978517770767212e-02
8.854669928550720215e-01 1.145330369472503662e-01
8.946678638458251953e-01 1.053321287035942078e-01
8.735439181327819824e-01 1.264560371637344360e-01
8.777646422386169434e-01 1.222353428602218628e-01
8.735930919647216797e-01 1.264069229364395142e-01
9.067906737327575684e-01 9.320926666259765625e-02
9.017567634582519531e-01 9.824318438768386841e-02
8.918349742889404297e-01 1.081650108098983765e-01
8.972442746162414551e-01 1.027557477355003357e-01
9.394558072090148926e-01 6.054425239562988281e-02
9.620397686958312988e-01 3.796026483178138733e-02
9.116024971008300781e-01 8.839757740497589111e-02
8.743280768394470215e-01 1.256719082593917847e-01
9.009320735931396484e-01 9.906787425279617310e-02
9.042503833770751953e-01 9.574960172176361084e-02
8.922391533851623535e-01 1.077608913183212280e-01
9.514489173889160156e-01 4.855104163289070129e-02
8.948082923889160156e-01 1.051917150616645813e-01
8.653008937835693359e-01 1.346990317106246948e-01
9.378048777580261230e-01 6.219510361552238464e-02
9.116544127464294434e-01 8.834562450647354126e-02
8.825176954269409180e-01 1.174822747707366943e-01
8.792013525962829590e-01 1.207986772060394287e-01
9.652833938598632812e-01 3.471657261252403259e-02
8.566690087318420410e-01 1.433309316635131836e-01
9.704678654670715332e-01 2.953208796679973602e-02
8.472073078155517578e-01 1.527926474809646606e-01
