7.184538990259170532e-02 9.281546473503112793e-01
7.738083600997924805e-02 9.226191639900207520e-01
2.367554418742656708e-02 9.763244986534118652e-01
7.345684617757797241e-02 9.265431165695190430e-01
6.419454514980316162e-02 9.358054399490356445e-01
7.551492750644683838e-02 9.244850277900695801e-01
4.433784633874893188e-02 9.556621909141540527e-01
6.529332697391510010e-02 9.347066879272460938e-01
8.316980302333831787e-02 9.168301224708557129e-01
5.403451621532440186e-02 9.459654688835144043e-01
6.981688737869262695e-02 9.301831722259521484e-01
6.876415759325027466e-02 9.312359094619750977e-01
5.784222483634948730e-02 9.421578049659729004e-01
8.915165811777114868e-02 9.108482599258422852e-01
5.749274417757987976e-02 9.425072073936462402e-01
6.980808824300765991e-02 9.301919341087341309e-01
8.242186158895492554e-02 9.175781011581420898e-01
7.355114817619323730e-02 9.264488816261291504e-01
2.460006624460220337e-02 9.753999710083007812e-01
7.474838197231292725e-02 9.252515435218811035e-01
5.874187499284744263e-02 9.412581324577331543e-01
5.234423279762268066e-02 9.476557970046997070e-01
6.956018507480621338e-02 9.304397702217102051e-01
5.805780738592147827e-02 9.419422149658203125e-01
7.545255124568939209e-02 9.245474934577941895e-01
5.520764738321304321e-02 9.447923898696899414e-01
3.619755804538726807e-02 9.638024568557739258e-01
5.719437077641487122e-02 9.428057074546813965e-01
7.056762278079986572e-02 9.294323921203613281e-01
6.578092277050018311e-02 9.342191219329833984e-01
6.075309216976165771e-02 9.392468929290771484e-01
8.580002188682556152e-02 9.142000079154968262e-01
6.306775659322738647e-02 9.369323253631591797e-01
6.415375322103500366e-02 9.358462095260620117e-01
6.438661366701126099e-02 9.356133937835693359e-01
5.528735369443893433e-02 9.447126984596252441e-01
4.067878052592277527e-02 9.593212008476257324e-01
6.011621654033660889e-02 9.398837685585021973e-01
6.175990030169487000e-02 9.382401108741760254e-01
6.479925662279129028e-02 9.352006912231445312e-01
1.037453338503837585e-01 8.962546586990356445e-01
7.307765632867813110e-02 9.269223213195800781e-01
7.946725189685821533e-02 9.205327033996582031e-01
4.659681022167205811e-02 9.534031748771667480e-01
5.775111168622970581e-02 9.422488808631896973e-01
6.664223223924636841e-02 9.333577752113342285e-01
7.226914912462234497e-02 9.277309179306030273e-01
7.027070969343185425e-02 9.297293424606323242e-01
7.529401779174804688e-02 9.247059226036071777e-01
1.788672874681651592e-03 9.982113838195800781e-01
9.229357838630676270e-01 7.706426084041595459e-02
9.365635514259338379e-01 6.343648582696914673e-02
8.624717593193054199e-01 1.375282406806945801e-01
8.955629467964172363e-01 1.044370755553245544e-01
9.313946366310119629e-01 6.860531121492385864e-02
9.292942881584167480e-01 7.070571184158325195e-02
9.150550961494445801e-01 8.494489639997482300e-02
8.953247666358947754e-01 1.046751961112022400e-01
8.812409043312072754e-01 1.187591180205345154e-01
9.254056811332702637e-01 7.459434866905212402e-02
9.340564012527465820e-01 6.594362854957580566e-02
9.433200359344482422e-01 5.667997896671295166e-02
9.109005331993103027e-01 8.909952640533447266e-02
8.844698071479797363e-01 1.155301779508590698e-01
8.899071216583251953e-01 1.100928559899330139e-01
9.570331573486328125e-01 4.296682029962539673e-02
8.900713324546813965e-01 1.099287196993827820e-01
9.012651443481445312e-01 9.873480349779129028e-02
9.335086345672607422e-01 6.649138033390045166e-02
9.150292873382568359e-01 8.497064560651779175e-02
9.035471677780151367e-01 9.645283222198486328e-02
9.335517883300781250e-01 6.644822657108306885e-02
9.269232749938964844e-01 7.307670265436172485e-02
9.029133915901184082e-01 9.708657115697860718e-02
9.124009013175964355e-01 8.759909868240356445e-02
8.947826027870178223e-01 1.052174270153045654e-01
8.959769010543823242e-01 1.040230989456176758e-01
8.973775506019592285e-01 1.026224121451377869e-01
9.205334782600402832e-01 7.946655154228210449e-02
9.195120930671691895e-01 8.048790693283081055e-02
9.127878546714782715e-01 8.721216022968292236e-02
9.181687831878662109e-01 8.183123171329498291e-02
9.463989734649658203e-01 5.360096320509910583e-02
9.687920808792114258e-01 3.120799921452999115e-02
9.293327331542968750e-01 7.066719979047775269e-02
8.894302845001220703e-01 1.105697229504585266e-01
9.187381267547607422e-01 8.126189559698104858e-02
9.230622053146362305e-01 7.693770527839660645e-02
9.124916195869445801e-01 8.750832080841064453e-02
9.605337977409362793e-01 3.946620970964431763e-02
9.162404537200927734e-01 8.375950157642364502e-02
8.845449686050415039e-01 1.154550462961196899e-01
9.480176568031311035e-01 5.198231711983680725e-02
9.300986528396606445e-01 6.990135461091995239e-02
8.927012681961059570e-01 1.072986647486686707e-01
8.916004300117492676e-01 1.083995848894119263e-01
9.662777185440063477e-01 3.372223675251007080e-02
8.728740811347961426e-01 1.271259635686874390e-01
9.688063263893127441e-01 3.119370341300964355e-02
8.628569245338439941e-01 1.371430754661560059e-01
