2.612925709399860352e-05 9.999738931655883789e-01
7.518927304772660136e-05 9.999248385429382324e-01
2.664741805347148329e-05 9.999733567237854004e-01
1.324976619798690081e-04 9.998675584793090820e-01
1.538243086542934179e-04 9.998462200164794922e-01
1.486662076786160469e-04 9.998513460159301758e-01
7.616417133249342442e-05 9.999238252639770508e-01
1.056140026776120067e-04 9.998943805694580078e-01
1.360655587632209063e-04 9.998639225959777832e-01
9.184974624076858163e-05 9.999081492424011230e-01
5.188816430745646358e-05 9.999480843544006348e-01
1.216045347973704338e-04 9.998784065246582031e-01
3.855331669910810888e-05 9.999614357948303223e-01
1.513914030510932207e-04 9.998486042022705078e-01
7.251700299093499780e-05 9.999274611473083496e-01
2.683816092030610889e-05 9.999731779098510742e-01
1.586181169841438532e-04 9.998413324356079102e-01
1.366110082017257810e-04 9.998634457588195801e-01
2.516884524084161967e-05 9.999748468399047852e-01
4.374807176645845175e-04 9.995625019073486328e-01
2.961114660138264298e-05 9.999703764915466309e-01
3.284173362771980464e-05 9.999671578407287598e-01
1.407224772265180945e-04 9.998593330383300781e-01
9.938600851455703378e-05 9.999005794525146484e-01
5.113345105201005936e-05 9.999488592147827148e-01
1.205044245580211282e-04 9.998794794082641602e-01
1.405786042596446350e-05 9.999859333038330078e-01
2.514922016416676342e-05 9.999748468399047852e-01
1.421132619725540280e-04 9.998578429222106934e-01
5.238950325292535126e-05 9.999476075172424316e-01
9.664193930802866817e-05 9.999033808708190918e-01
3.913815307896584272e-04 9.996085762977600098e-01
2.733944529609289020e-05 9.999726414680480957e-01
3.285204365965910256e-05 9.999671578407287598e-01
1.284426398342475295e-04 9.998716115951538086e-01
2.419372503936756402e-05 9.999758005142211914e-01
4.515271211857907474e-05 9.999548196792602539e-01
3.518538724165409803e-04 9.996480941772460938e-01
1.659491681493818760e-04 9.998340010643005371e-01
4.234896550769917667e-05 9.999576807022094727e-01
1.033386506605893373e-04 9.998966455459594727e-01
6.849668716313317418e-05 9.999315142631530762e-01
4.223240466671995819e-05 9.999577403068542480e-01
7.422638009302318096e-05 9.999257922172546387e-01
1.529730798210948706e-04 9.998470544815063477e-01
4.312967939767986536e-05 9.999568462371826172e-01
1.246885949512943625e-04 9.998753666877746582e-01
3.020393196493387222e-04 9.996979236602783203e-01
1.436125166947022080e-04 9.998564124107360840e-01
9.995457730838097632e-06 9.999899864196777344e-01
9.995867609977722168e-01 4.132737522013485432e-04
9.994423389434814453e-01 5.576289840973913670e-04
9.962973594665527344e-01 3.702651010826230049e-03
9.931901097297668457e-01 6.809833459556102753e-03
9.993333220481872559e-01 6.666585104539990425e-04
9.993981719017028809e-01 6.017753039486706257e-04
9.969812035560607910e-01 3.018806688487529755e-03
9.985148310661315918e-01 1.485154847614467144e-03
9.970895051956176758e-01 2.910416340455412865e-03
9.993728399276733398e-01 6.271480233408510685e-04
9.990825057029724121e-01 9.174924925900995731e-04
9.966784715652465820e-01 3.321482799947261810e-03
9.991037845611572266e-01 8.962228894233703613e-04
9.991076588630676270e-01 8.923499262891709805e-04
9.903940558433532715e-01 9.606001898646354675e-03
9.998018145561218262e-01 1.981983368750661612e-04
9.994553327560424805e-01 5.446519353426992893e-04
9.987863898277282715e-01 1.213617739267647266e-03
9.991741180419921875e-01 8.258547168225049973e-04
9.904683232307434082e-01 9.531619027256965637e-03
9.984642863273620605e-01 1.535709481686353683e-03
9.993865489959716797e-01 6.134389550425112247e-04
9.989570379257202148e-01 1.042943913489580154e-03
9.923014640808105469e-01 7.698561064898967743e-03
9.938086271286010742e-01 6.191395688802003860e-03
9.902533888816833496e-01 9.746556170284748077e-03
9.990195631980895996e-01 9.804081637412309647e-04
9.951664805412292480e-01 4.833595827221870422e-03
9.977627992630004883e-01 2.237204462289810181e-03
9.993875026702880859e-01 6.124933715909719467e-04
9.940730929374694824e-01 5.926878657191991806e-03
9.940586090087890625e-01 5.941352806985378265e-03
9.970825910568237305e-01 2.917349571362137794e-03
9.998719096183776855e-01 1.281036820728331804e-04
9.995684623718261719e-01 4.315676633268594742e-04
9.970317482948303223e-01 2.968325279653072357e-03
9.956243634223937988e-01 4.375608172267675400e-03
9.974889159202575684e-01 2.511110622435808182e-03
9.959274530410766602e-01 4.072517622262239456e-03
9.996715784072875977e-01 3.284513368271291256e-04
9.981794357299804688e-01 1.820549485273659229e-03
9.983587265014648438e-01 1.641233568079769611e-03
9.975513815879821777e-01 2.448659157380461693e-03
9.970976710319519043e-01 2.902301028370857239e-03
9.994189739227294922e-01 5.809838767163455486e-04
9.932425022125244141e-01 6.757506635040044785e-03
9.995899200439453125e-01 4.100964870303869247e-04
9.914095997810363770e-01 8.590422570705413818e-03
9.981657862663269043e-01 1.834177179262042046e-03
9.963686466217041016e-01 3.631344763562083244e-03
