2.842015027999877930e-02 9.715798497200012207e-01
4.983952268958091736e-02 9.501605033874511719e-01
2.928171306848526001e-02 9.707182645797729492e-01
3.836213424801826477e-02 9.616377949714660645e-01
2.558761090040206909e-02 9.744123816490173340e-01
7.083883881568908691e-02 9.291611313819885254e-01
3.407353907823562622e-02 9.659264683723449707e-01
5.621736496686935425e-02 9.437826871871948242e-01
6.636738032102584839e-02 9.336325526237487793e-01
2.714343182742595673e-02 9.728565216064453125e-01
3.356242924928665161e-02 9.664375782012939453e-01
2.940055914223194122e-02 9.705994725227355957e-01
2.952655777335166931e-02 9.704734086990356445e-01
5.402692034840583801e-02 9.459730386734008789e-01
2.730471827089786530e-02 9.726952314376831055e-01
3.087730705738067627e-02 9.691227078437805176e-01
6.674673408269882202e-02 9.332532882690429688e-01
4.736601188778877258e-02 9.526339173316955566e-01
2.103340439498424530e-02 9.789666533470153809e-01
6.307392567396163940e-02 9.369260668754577637e-01
2.286132797598838806e-02 9.771386384963989258e-01
2.193999104201793671e-02 9.780600666999816895e-01
3.298003971576690674e-02 9.670199751853942871e-01
3.606948629021644592e-02 9.639305472373962402e-01
6.950855255126953125e-02 9.304913878440856934e-01
3.160555660724639893e-02 9.683944582939147949e-01
1.257746014744043350e-02 9.874225854873657227e-01
2.083533816039562225e-02 9.791647195816040039e-01
8.428737521171569824e-02 9.157125949859619141e-01
3.023847565054893494e-02 9.697615504264831543e-01
2.823715656995773315e-02 9.717628955841064453e-01
8.796351402997970581e-02 9.120365381240844727e-01
2.546473965048789978e-02 9.745352268218994141e-01
1.730022765696048737e-02 9.826998114585876465e-01
3.560274466872215271e-02 9.643971920013427734e-01
2.313404902815818787e-02 9.768659472465515137e-01
2.126997336745262146e-02 9.787300825119018555e-01
8.390552550554275513e-02 9.160944819450378418e-01
6.745031476020812988e-02 9.325497150421142578e-01
5.272248759865760803e-02 9.472774863243103027e-01
7.158549875020980835e-02 9.284145236015319824e-01
6.752248853445053101e-02 9.324775338172912598e-01
3.246974200010299683e-02 9.675302505493164062e-01
4.678413644433021545e-02 9.532158970832824707e-01
7.199122756719589233e-02 9.280087351799011230e-01
3.335975483059883118e-02 9.666402339935302734e-01
6.203531101346015930e-02 9.379646778106689453e-01
6.949570029973983765e-02 9.305042624473571777e-01
5.917273834347724915e-02 9.408273100852966309e-01
2.257958520203828812e-03 9.977419972419738770e-01
9.953359365463256836e-01 4.664074629545211792e-03
9.929837584495544434e-01 7.016206160187721252e-03
9.037443399429321289e-01 9.625563770532608032e-02
7.371874451637268066e-01 2.628126144409179688e-01
9.930676817893981934e-01 6.932286545634269714e-03
9.951474070549011230e-01 4.852573852986097336e-03
8.587502837181091309e-01 1.412496715784072876e-01
9.605045318603515625e-01 3.949540108442306519e-02
9.684847593307495117e-01 3.151520341634750366e-02
9.823071956634521484e-01 1.769278757274150848e-02
9.816144108772277832e-01 1.838558539748191833e-02
8.337028026580810547e-01 1.662972420454025269e-01
9.848338961601257324e-01 1.516609545797109604e-02
9.651443958282470703e-01 3.485565632581710815e-02
7.195262908935546875e-01 2.804736793041229248e-01
9.944318532943725586e-01 5.568099673837423325e-03
9.944086074829101562e-01 5.591394845396280289e-03
9.708501696586608887e-01 2.914980240166187286e-02
9.928373694419860840e-01 7.162636145949363708e-03
8.491243720054626465e-01 1.508756130933761597e-01
9.281841516494750977e-01 7.181581854820251465e-02
9.881574511528015137e-01 1.184254325926303864e-02
9.757422208786010742e-01 2.425783500075340271e-02
7.502744197845458984e-01 2.497256398200988770e-01
7.146540284156799316e-01 2.853458821773529053e-01
7.298895120620727539e-01 2.701104283332824707e-01
9.651690125465393066e-01 3.483104333281517029e-02
8.840221166610717773e-01 1.159778684377670288e-01
8.107385039329528809e-01 1.892615109682083130e-01
9.930993914604187012e-01 6.900602951645851135e-03
8.621947765350341797e-01 1.378052979707717896e-01
8.419498205184936523e-01 1.580501794815063477e-01
7.769207358360290527e-01 2.230792492628097534e-01
9.984276890754699707e-01 1.572280889376997948e-03
9.948185086250305176e-01 5.181498359888792038e-03
9.460302591323852539e-01 5.396973341703414917e-02
8.735862374305725098e-01 1.264137774705886841e-01
9.513661265373229980e-01 4.863383993506431580e-02
8.231683373451232910e-01 1.768316924571990967e-01
9.885337352752685547e-01 1.146631315350532532e-02
9.718213081359863281e-01 2.817871607840061188e-02
9.644773602485656738e-01 3.552263975143432617e-02
8.408861756324768066e-01 1.591137945652008057e-01
8.709710240364074707e-01 1.290289759635925293e-01
9.729648828506469727e-01 2.703513018786907196e-02
7.293915152549743652e-01 2.706084251403808594e-01
9.564093351364135742e-01 4.359072446823120117e-02
7.695582509040832520e-01 2.304417490959167480e-01
7.564545869827270508e-01 2.435454875230789185e-01
8.752464652061462402e-01 1.247535198926925659e-01
