3.626324769356870092e-06 9.999963641166687012e-01
1.055202028510393575e-05 9.999894499778747559e-01
3.714637159646372311e-06 9.999963045120239258e-01
1.849323780334088951e-05 9.999815225601196289e-01
2.160135227313730866e-05 9.999784231185913086e-01
2.105501152982469648e-05 9.999788999557495117e-01
1.058580346580129117e-05 9.999893903732299805e-01
1.496097956987796351e-05 9.999849796295166016e-01
1.928473466250579804e-05 9.999807476997375488e-01
1.289297779294429347e-05 9.999871253967285156e-01
7.259282483573770151e-06 9.999927282333374023e-01
1.698759297141805291e-05 9.999829530715942383e-01
5.347789738152641803e-06 9.999946355819702148e-01
2.136275361408479512e-05 9.999786615371704102e-01
1.006745787890395150e-05 9.999899268150329590e-01
3.719468622875865549e-06 9.999963045120239258e-01
2.247395786980632693e-05 9.999774694442749023e-01
1.958000575541518629e-05 9.999803900718688965e-01
3.486877631075913087e-06 9.999964833259582520e-01
6.222260708454996347e-05 9.999377727508544922e-01
4.159380296187009662e-06 9.999958276748657227e-01
4.565209110296564177e-06 9.999954104423522949e-01
2.102024518535472453e-05 9.999790191650390625e-01
1.393227739754365757e-05 9.999860525131225586e-01
7.202072993095498532e-06 9.999927878379821777e-01
1.684927701717242599e-05 9.999831914901733398e-01
1.964073817362077534e-06 9.999980330467224121e-01
3.490368726488668472e-06 9.999964833259582520e-01
2.048097121587488800e-05 9.999795556068420410e-01
7.287643711606506258e-06 9.999927282333374023e-01
1.346800763712963089e-05 9.999865889549255371e-01
5.530058115255087614e-05 9.999447464942932129e-01
3.797271801886381581e-06 9.999961853027343750e-01
4.555186023935675621e-06 9.999954700469970703e-01
1.788136250979732722e-05 9.999821186065673828e-01
3.358704816491808742e-06 9.999966621398925781e-01
6.280311936279758811e-06 9.999937415122985840e-01
4.994369737687520683e-05 9.999500513076782227e-01
2.349753594899084419e-05 9.999764561653137207e-01
5.945595148659776896e-06 9.999940395355224609e-01
1.445376437914092094e-05 9.999855756759643555e-01
9.644826604926493019e-06 9.999903440475463867e-01
5.894008609175216407e-06 9.999940991401672363e-01
1.045514636643929407e-05 9.999895691871643066e-01
2.157728158636018634e-05 9.999784231185913086e-01
6.001983365422347561e-06 9.999939799308776855e-01
1.749695184116717428e-05 9.999825358390808105e-01
4.274139791959896684e-05 9.999572038650512695e-01
2.043340100499335676e-05 9.999795556068420410e-01
1.391695377606083639e-06 9.999986290931701660e-01
9.999356269836425781e-01 6.437913543777540326e-05
9.999140501022338867e-01 8.597274427302181721e-05
9.992784261703491211e-01 7.215908262878656387e-04
9.986029863357543945e-01 1.397076994180679321e-03
9.998983144760131836e-01 1.016796668409369886e-04
9.999068975448608398e-01 9.311421308666467667e-05
9.993984699249267578e-01 6.015746621415019035e-04
9.997261166572570801e-01 2.739039482548832893e-04
9.994291067123413086e-01 5.708942771889269352e-04
9.999068379402160645e-01 9.317929652752354741e-05
9.998281598091125488e-01 1.718715066090226173e-04
9.993841648101806641e-01 6.158436881378293037e-04
9.998676776885986328e-01 1.322945608990266919e-04
9.998564720153808594e-01 1.435185113223269582e-04
9.979034662246704102e-01 2.096575917676091194e-03
9.999690055847167969e-01 3.099590685451403260e-05
9.999144673347473145e-01 8.550999336875975132e-05
9.997815489768981934e-01 2.184613113058730960e-04
9.998754858970642090e-01 1.245179737452417612e-04
9.982047080993652344e-01 1.795236836187541485e-03
9.997537732124328613e-01 2.462210832163691521e-04
9.999086856842041016e-01 9.131575643550604582e-05
9.998380541801452637e-01 1.619754766579717398e-04
9.983860254287719727e-01 1.614033826626837254e-03
9.987149834632873535e-01 1.285058329813182354e-03
9.979166984558105469e-01 2.083290368318557739e-03
9.998457431793212891e-01 1.542698591947555542e-04
9.990888833999633789e-01 9.110617684200406075e-04
9.995707869529724121e-01 4.292260273359715939e-04
9.999041557312011719e-01 9.585733641870319843e-05
9.987714886665344238e-01 1.228436478413641453e-03
9.988194704055786133e-01 1.180473947897553444e-03
9.993798136711120605e-01 6.202337099239230156e-04
9.999802112579345703e-01 1.979227999981958419e-05
9.999330639839172363e-01 6.691171438433229923e-05
9.994056224822998047e-01 5.944292643107473850e-04
9.991396665573120117e-01 8.603786118328571320e-04
9.994727969169616699e-01 5.272282869555056095e-04
9.992228746414184570e-01 7.771177915856242180e-04
9.999514818191528320e-01 4.854828148381784558e-05
9.996452927589416504e-01 3.547327069099992514e-04
9.996894598007202148e-01 3.105155192315578461e-04
9.995297789573669434e-01 4.702445294242352247e-04
9.994438290596008301e-01 5.561714642681181431e-04
9.999100565910339355e-01 8.993853407446295023e-05
9.985433220863342285e-01 1.456671627238392830e-03
9.999178647994995117e-01 8.214412082452327013e-05
9.980427622795104980e-01 1.957223517820239067e-03
9.996122121810913086e-01 3.877826093230396509e-04
9.993196725845336914e-01 6.803009891882538795e-04
