2.371828071773052216e-02 9.762817025184631348e-01
4.378098621964454651e-02 9.562190771102905273e-01
2.569852024316787720e-02 9.743014574050903320e-01
3.143971785902976990e-02 9.685602188110351562e-01
1.986684463918209076e-02 9.801331162452697754e-01
6.472026556730270386e-02 9.352797865867614746e-01
2.912240289151668549e-02 9.708775877952575684e-01
5.160761252045631409e-02 9.483923912048339844e-01
6.363496184349060059e-02 9.363650679588317871e-01
2.128110267221927643e-02 9.787188172340393066e-01
2.846756018698215485e-02 9.715324640274047852e-01
2.433796040713787079e-02 9.756620526313781738e-01
2.447246573865413666e-02 9.755275249481201172e-01
5.051254108548164368e-02 9.494874477386474609e-01
2.183276042342185974e-02 9.781672954559326172e-01
2.579569444060325623e-02 9.742043018341064453e-01
6.229076534509658813e-02 9.377091526985168457e-01
4.268242791295051575e-02 9.573175311088562012e-01
1.751506887376308441e-02 9.824848771095275879e-01
5.824139341711997986e-02 9.417586326599121094e-01
1.896347850561141968e-02 9.810365438461303711e-01
1.785380952060222626e-02 9.821461439132690430e-01
2.664738707244396210e-02 9.733526706695556641e-01
3.048407845199108124e-02 9.695158600807189941e-01
6.452398747205734253e-02 9.354760050773620605e-01
2.546540461480617523e-02 9.745346307754516602e-01
1.100656483322381973e-02 9.889934659004211426e-01
1.598512567579746246e-02 9.840148687362670898e-01
8.203371614217758179e-02 9.179663062095642090e-01
2.469773218035697937e-02 9.753022789955139160e-01
2.271448634564876556e-02 9.772855043411254883e-01
8.307130634784698486e-02 9.169286489486694336e-01
1.991071365773677826e-02 9.800893068313598633e-01
1.292806211858987808e-02 9.870718717575073242e-01
2.973755449056625366e-02 9.702624082565307617e-01
1.905872486531734467e-02 9.809413552284240723e-01
1.731622219085693359e-02 9.826837778091430664e-01
7.808648794889450073e-02 9.219135046005249023e-01
6.153818219900131226e-02 9.384618401527404785e-01
4.935834556818008423e-02 9.506416320800781250e-01
6.505936384201049805e-02 9.349405765533447266e-01
6.355440616607666016e-02 9.364455938339233398e-01
2.675832994282245636e-02 9.732416868209838867e-01
4.270577058196067810e-02 9.572942256927490234e-01
6.583975255489349365e-02 9.341602325439453125e-01
2.788350917398929596e-02 9.721164703369140625e-01
5.520636960864067078e-02 9.447936415672302246e-01
6.637787818908691406e-02 9.336221218109130859e-01
5.152505263686180115e-02 9.484749436378479004e-01
1.838230178691446781e-03 9.981617927551269531e-01
9.977921843528747559e-01 2.207831013947725296e-03
9.959163665771484375e-01 4.083623643964529037e-03
9.042549729347229004e-01 9.574496001005172729e-02
7.147696018218994141e-01 2.852303981781005859e-01
9.966357946395874023e-01 3.364207223057746887e-03
9.974969625473022461e-01 2.502975985407829285e-03
8.400245904922485352e-01 1.599754542112350464e-01
9.680186510086059570e-01 3.198131546378135681e-02
9.728894829750061035e-01 2.711046300828456879e-02
9.845701456069946289e-01 1.542980596423149109e-02
9.854965806007385254e-01 1.450344454497098923e-02
8.243427276611328125e-01 1.756572723388671875e-01
9.876231551170349121e-01 1.237689051777124405e-02
9.676516056060791016e-01 3.234836459159851074e-02
7.061890363693237305e-01 2.938110530376434326e-01
9.965388774871826172e-01 3.461038228124380112e-03
9.971812367439270020e-01 2.818733220919966698e-03
9.753188490867614746e-01 2.468120492994785309e-02
9.962406158447265625e-01 3.759368322789669037e-03
8.457314372062683105e-01 1.542685627937316895e-01
9.300355911254882812e-01 6.996445357799530029e-02
9.910901784896850586e-01 8.909770287573337555e-03
9.792570471763610840e-01 2.074301242828369141e-02
7.204209566116333008e-01 2.795789539813995361e-01
7.092471122741699219e-01 2.907529473304748535e-01
7.207936048507690430e-01 2.792063653469085693e-01
9.643829464912414551e-01 3.561712801456451416e-02
8.901608586311340332e-01 1.098391413688659668e-01
8.040833473205566406e-01 1.959165632724761963e-01
9.962942600250244141e-01 3.705816110596060753e-03
8.622011542320251465e-01 1.377988457679748535e-01
8.346332311630249023e-01 1.653667986392974854e-01
7.556321024894714355e-01 2.443678826093673706e-01
9.992511868476867676e-01 7.487932452932000160e-04
9.973362088203430176e-01 2.663742518052458763e-03
9.593127965927124023e-01 4.068717360496520996e-02
8.485178351402282715e-01 1.514821946620941162e-01
9.563575983047485352e-01 4.364234581589698792e-02
8.219055533409118652e-01 1.780944317579269409e-01
9.898111820220947266e-01 1.018881052732467651e-02
9.790302515029907227e-01 2.096980437636375427e-02
9.669169783592224121e-01 3.308304026722908020e-02
8.214007019996643066e-01 1.785992383956909180e-01
8.684080243110656738e-01 1.315919756889343262e-01
9.740116596221923828e-01 2.598833851516246796e-02
7.119120955467224121e-01 2.880879342555999756e-01
9.531127214431762695e-01 4.688724502921104431e-02
7.542145252227783203e-01 2.457854151725769043e-01
7.217678427696228027e-01 2.782321572303771973e-01
8.840484023094177246e-01 1.159515753388404846e-01
