5.000636065233265981e-07 9.999995231628417969e-01
1.475348199164727703e-06 9.999985098838806152e-01
5.147963975105085410e-07 9.999994635581970215e-01
2.564393980719614774e-06 9.999973773956298828e-01
3.002807034135912545e-06 9.999970197677612305e-01
2.954838009827653877e-06 9.999970197677612305e-01
1.460688281440525316e-06 9.999985098838806152e-01
2.094211822623037733e-06 9.999979138374328613e-01
2.706671466512489133e-06 9.999973177909851074e-01
1.790478904695191886e-06 9.999982118606567383e-01
1.008521394396666437e-06 9.999989867210388184e-01
2.355435299250530079e-06 9.999976158142089844e-01
7.379817361652385443e-07 9.999992847442626953e-01
2.984413640660932288e-06 9.999970197677612305e-01
1.393013462802628055e-06 9.999986290931701660e-01
5.135947276357910596e-07 9.999994635581970215e-01
3.136642817480606027e-06 9.999969005584716797e-01
2.775969278445700184e-06 9.999971985816955566e-01
4.809456868315464817e-07 9.999995231628417969e-01
8.709952453500591218e-06 9.999912977218627930e-01
5.769885547124431469e-07 9.999994039535522461e-01
6.322672447822696995e-07 9.999993443489074707e-01
3.008895419043255970e-06 9.999970197677612305e-01
1.935803766173194163e-06 9.999980926513671875e-01
1.003964030132920016e-06 9.999989867210388184e-01
2.332397571080946364e-06 9.999976158142089844e-01
2.719450264976330800e-07 9.999997019767761230e-01
4.811334974874625914e-07 9.999995231628417969e-01
2.900527533711283468e-06 9.999970793724060059e-01
1.007690229926083703e-06 9.999989867210388184e-01
1.864121372818772215e-06 9.999980926513671875e-01
7.726394869678188115e-06 9.999923110008239746e-01
5.252086907603370491e-07 9.999994635581970215e-01
6.283990501287917141e-07 9.999993443489074707e-01
2.483053094692877494e-06 9.999974966049194336e-01
4.643793545255903155e-07 9.999995231628417969e-01
8.688797379363677464e-07 9.999991059303283691e-01
7.000770438025938347e-06 9.999929666519165039e-01
3.286675109848147258e-06 9.999967217445373535e-01
8.282598855657852255e-07 9.999991655349731445e-01
2.009282070503104478e-06 9.999980330467224121e-01
1.348371142739779316e-06 9.999986290931701660e-01
8.163543157024832908e-07 9.999991655349731445e-01
1.457518351344333496e-06 9.999985694885253906e-01
3.011499757121782750e-06 9.999970197677612305e-01
8.320875508616154548e-07 9.999991655349731445e-01
2.439645413687685505e-06 9.999975562095642090e-01
5.983149549138033763e-06 9.999940395355224609e-01
2.860902895918115973e-06 9.999971389770507812e-01
1.928775645865243860e-07 9.999998211860656738e-01
9.999903440475463867e-01 9.645024874771479517e-06
9.999871253967285156e-01 1.290195450565079227e-05
9.998611807823181152e-01 1.387690426781773567e-04
9.997324943542480469e-01 2.675479918252676725e-04
9.999849200248718262e-01 1.507528395450208336e-05
9.999861121177673340e-01 1.389276803820393980e-05
9.998903870582580566e-01 1.095832340070046484e-04
9.999513030052185059e-01 4.867212919634766877e-05
9.998981952667236328e-01 1.017532995319925249e-04
9.999864697456359863e-01 1.354884443571791053e-05
9.999704360961914062e-01 2.958198456326499581e-05
9.998903870582580566e-01 1.095875486498698592e-04
9.999809861183166504e-01 1.903091106214560568e-05
9.999778866767883301e-01 2.210317870776634663e-05
9.995874762535095215e-01 4.125744453631341457e-04
9.999952912330627441e-01 4.696459654951468110e-06
9.999871253967285156e-01 1.287492432311410084e-05
9.999617934226989746e-01 3.823071529041044414e-05
9.999817609786987305e-01 1.825849540182389319e-05
9.996829628944396973e-01 3.170138807035982609e-04
9.999624490737915039e-01 3.755450234166346490e-05
9.999868869781494141e-01 1.311512824031524360e-05
9.999758005142211914e-01 2.419827796984463930e-05
9.996771812438964844e-01 3.228329005651175976e-04
9.997591376304626465e-01 2.408510481473058462e-04
9.995974302291870117e-01 4.025856906082481146e-04
9.999768137931823730e-01 2.317618600500281900e-05
9.998372793197631836e-01 1.627523306524381042e-04
9.999244213104248047e-01 7.558017387054860592e-05
9.999855756759643555e-01 1.440083269699243829e-05
9.997608661651611328e-01 2.391150192124769092e-04
9.997792840003967285e-01 2.207019279012456536e-04
9.998790025711059570e-01 1.209491238114424050e-04
9.999970197677612305e-01 2.983825652336236089e-06
9.999899864196777344e-01 9.996185326599515975e-06
9.998905658721923828e-01 1.094077088055200875e-04
9.998407363891601562e-01 1.592924381839111447e-04
9.998978972434997559e-01 1.020573254209011793e-04
9.998611807823181152e-01 1.387824595440179110e-04
9.999930262565612793e-01 6.976697022764710709e-06
9.999368190765380859e-01 6.316938379313796759e-05
9.999443292617797852e-01 5.564835737459361553e-05
9.999156594276428223e-01 8.435721974819898605e-05
9.998994469642639160e-01 1.005137528409250081e-04
9.999865293502807617e-01 1.345047348877415061e-05
9.997144937515258789e-01 2.855057246051728725e-04
9.999848604202270508e-01 1.512368089606752619e-05
9.996097683906555176e-01 3.902355383615940809e-04
9.999247789382934570e-01 7.524410466430708766e-05
9.998831748962402344e-01 1.167898881249129772e-04
