6.908373251235389034e-08 9.999999403953552246e-01
2.054625838354695588e-07 9.999998211860656738e-01
7.112600997061235830e-08 9.999999403953552246e-01
3.544837738900241675e-07 9.999996423721313477e-01
4.155154158524965169e-07 9.999995827674865723e-01
4.121664858303120127e-07 9.999995827674865723e-01
2.010791604334372096e-07 9.999998211860656738e-01
2.915020900218223687e-07 9.999997019767761230e-01
3.769672787257150048e-07 9.999996423721313477e-01
2.479799263710447121e-07 9.999997615814208984e-01
1.396205959736107616e-07 9.999998807907104492e-01
3.245748700919648400e-07 9.999997019767761230e-01
1.015841704088416009e-07 9.999998807907104492e-01
4.156194393090117956e-07 9.999995827674865723e-01
1.917006784424302168e-07 9.999998211860656738e-01
7.125276368924460257e-08 9.999999403953552246e-01
4.360585990070831031e-07 9.999995827674865723e-01
3.983467991020006593e-07 9.999995827674865723e-01
6.611287517443997785e-08 9.999999403953552246e-01
1.210213781632774044e-06 9.999988079071044922e-01
8.047724975313030882e-08 9.999999403953552246e-01
8.764575198938473477e-08 9.999999403953552246e-01
4.569797340536752017e-07 9.999995231628417969e-01
2.689409086542582372e-07 9.999997019767761230e-01
1.394310231717099668e-07 9.999998807907104492e-01
3.226202238693076652e-07 9.999997019767761230e-01
3.785795499311461754e-08 9.999999403953552246e-01
6.634144256167928688e-08 9.999999403953552246e-01
4.063885796767863212e-07 9.999995827674865723e-01
1.391973540876279003e-07 9.999998807907104492e-01
2.567832666500180494e-07 9.999997615814208984e-01
1.070643293132889085e-06 9.999989867210388184e-01
7.240117838591686450e-08 9.999999403953552246e-01
8.677801588419242762e-08 9.999999403953552246e-01
3.429407797739258967e-07 9.999996423721313477e-01
6.450283507319909404e-08 9.999999403953552246e-01
1.198251879941381048e-07 9.999998807907104492e-01
9.755210612638620660e-07 9.999990463256835938e-01
4.567895643958763685e-07 9.999995231628417969e-01
1.149618213958092383e-07 9.999998807907104492e-01
2.786344737160106888e-07 9.999997019767761230e-01
1.877055808563454775e-07 9.999998211860656738e-01
1.128495696889331157e-07 9.999998807907104492e-01
2.028769614526026999e-07 9.999998211860656738e-01
4.184277315744111547e-07 9.999995827674865723e-01
1.147986878891060769e-07 9.999998807907104492e-01
3.384347166957013542e-07 9.999996423721313477e-01
8.316162052324216347e-07 9.999991655349731445e-01
3.985095986536180135e-07 9.999995827674865723e-01
2.684491207105565991e-08 1.000000000000000000e+00
9.999985694885253906e-01 1.408184175488713663e-06
9.999980926513671875e-01 1.897161268971103709e-06
9.999751448631286621e-01 2.487090750946663320e-05
9.999512434005737305e-01 4.870950579061172903e-05
9.999977946281433105e-01 2.189404312957776710e-06
9.999979734420776367e-01 2.024844206971465610e-06
9.999803900718688965e-01 1.961135603778529912e-05
9.999915361404418945e-01 8.479053576593287289e-06
9.999824166297912598e-01 1.758586222422309220e-05
9.999980926513671875e-01 1.934952024384983815e-06
9.999949932098388672e-01 4.999951670470181853e-06
9.999812245368957520e-01 1.875247835414484143e-05
9.999973177909851074e-01 2.691540885280119255e-06
9.999967217445373535e-01 3.292857627457124181e-06
9.999225735664367676e-01 7.741110312053933740e-05
9.999992847442626953e-01 6.972957180551020429e-07
9.999980926513671875e-01 1.911245590235921554e-06
9.999935626983642578e-01 6.429323093470884487e-06
9.999973773956298828e-01 2.620230588945560157e-06
9.999449849128723145e-01 5.497517486219294369e-05
9.999944567680358887e-01 5.567267180595081300e-06
9.999981522560119629e-01 1.865624994934478309e-06
9.999964833259582520e-01 3.546186007952201180e-06
9.999400377273559570e-01 6.001941437716595829e-05
9.999561905860900879e-01 4.378270023153163493e-05
9.999270439147949219e-01 7.296686089830473065e-05
9.999966025352478027e-01 3.393241513549583033e-06
9.999721050262451172e-01 2.787649282254278660e-05
9.999868869781494141e-01 1.311277264903765172e-05
9.999978542327880859e-01 2.122820887962006964e-06
9.999561309814453125e-01 4.391255788505077362e-05
9.999611973762512207e-01 3.878714051097631454e-05
9.999778270721435547e-01 2.215214226453099400e-05
9.999995827674865723e-01 4.368106942820304539e-07
9.999985098838806152e-01 1.460400312680576462e-06
9.999808073043823242e-01 1.914700624183751643e-05
9.999716281890869141e-01 2.837417196133174002e-05
9.999806284904479980e-01 1.934480496856849641e-05
9.999760985374450684e-01 2.386020787525922060e-05
9.999989867210388184e-01 9.919782542056054808e-07
9.999888539314270020e-01 1.114536007662536576e-05
9.999904036521911621e-01 9.599710210750345141e-06
9.999848604202270508e-01 1.511192749603651464e-05
9.999831914901733398e-01 1.684522976574953645e-05
9.999980330467224121e-01 1.950217210833216086e-06
9.999476671218872070e-01 5.232879266259260476e-05
9.999973177909851074e-01 2.653387809914420359e-06
9.999250769615173340e-01 7.491742144338786602e-05
9.999860525131225586e-01 1.395138315274380147e-05
9.999810457229614258e-01 1.899287963169626892e-05
