9.563351888175475324e-09 1.000000000000000000e+00
2.847300706321220787e-08 1.000000000000000000e+00
9.777653353637560940e-09 1.000000000000000000e+00
4.886467408482531027e-08 9.999999403953552246e-01
5.806859704193811922e-08 9.999999403953552246e-01
5.725808094325657294e-08 9.999999403953552246e-01
2.779000496389016917e-08 1.000000000000000000e+00
4.063631209305640368e-08 9.999999403953552246e-01
5.261172120185619860e-08 9.999999403953552246e-01
3.440264961795946874e-08 9.999999403953552246e-01
1.955771899986302742e-08 1.000000000000000000e+00
4.461153579882193299e-08 9.999999403953552246e-01
1.441866004370240262e-08 1.000000000000000000e+00
5.758651511200696405e-08 9.999999403953552246e-01
2.641256102720035415e-08 1.000000000000000000e+00
9.916717225166848948e-09 1.000000000000000000e+00
6.051232759318736498e-08 9.999999403953552246e-01
5.695112648140820966e-08 9.999999403953552246e-01
9.201600370545293117e-09 1.000000000000000000e+00
1.674990812716714572e-07 9.999998211860656738e-01
1.120306780677537972e-08 1.000000000000000000e+00
1.230385748840490123e-08 1.000000000000000000e+00
6.352428982836499927e-08 9.999999403953552246e-01
3.734813347477938805e-08 9.999999403953552246e-01
1.928830073438803083e-08 1.000000000000000000e+00
4.475367987311074103e-08 9.999999403953552246e-01
5.347726705906552525e-09 1.000000000000000000e+00
9.228469544098061306e-09 1.000000000000000000e+00
5.750483111910398293e-08 9.999999403953552246e-01
1.946406236186248861e-08 1.000000000000000000e+00
3.539974002819690213e-08 9.999999403953552246e-01
1.482001010799649521e-07 9.999998807907104492e-01
1.002625626966846539e-08 1.000000000000000000e+00
1.216039446916283850e-08 1.000000000000000000e+00
4.730996749913174426e-08 9.999999403953552246e-01
9.134129896892773104e-09 1.000000000000000000e+00
1.676675687178885710e-08 1.000000000000000000e+00
1.353319873942382401e-07 9.999998807907104492e-01
6.320306766838257317e-08 9.999999403953552246e-01
1.589546094749039185e-08 1.000000000000000000e+00
3.870164988484248170e-08 9.999999403953552246e-01
2.648010344330486987e-08 1.000000000000000000e+00
1.576925612312152225e-08 1.000000000000000000e+00
2.837935220156850846e-08 1.000000000000000000e+00
5.801921787451647106e-08 9.999999403953552246e-01
1.592040810294292896e-08 1.000000000000000000e+00
4.704469702687674726e-08 9.999999403953552246e-01
1.152319555330905132e-07 9.999998807907104492e-01
5.607579112165694823e-08 9.999999403953552246e-01
3.778256818520731031e-09 1.000000000000000000e+00
9.999998211860656738e-01 2.041597895185986999e-07
9.999997019767761230e-01 2.748774932115338743e-07
9.999956488609313965e-01 4.362434538052184507e-06
9.999911785125732422e-01 8.787880688032601029e-06
9.999997019767761230e-01 3.141172442155948374e-07
9.999997019767761230e-01 2.916280834597273497e-07
9.999966025352478027e-01 3.362694997122162022e-06
9.999986290931701660e-01 1.398972244714968838e-06
9.999970197677612305e-01 3.014985395566327497e-06
9.999997019767761230e-01 2.742767719610128552e-07
9.999991655349731445e-01 8.089098741947964299e-07
9.999968409538269043e-01 3.161933364026481286e-06
9.999996423721313477e-01 3.809738018389907666e-07
9.999995231628417969e-01 4.816976115762372501e-07
9.999859929084777832e-01 1.396350307913962752e-05
9.999998807907104492e-01 1.026428080308505741e-07
9.999997019767761230e-01 2.794147633267130004e-07
9.999989271163940430e-01 1.043917450260778423e-06
9.999996423721313477e-01 3.758240723072958644e-07
9.999908804893493652e-01 9.158618013316299766e-06
9.999991655349731445e-01 8.176526193892641459e-07
9.999997615814208984e-01 2.638124385612172773e-07
9.999994635581970215e-01 5.107869469611614477e-07
9.999892711639404297e-01 1.070894813892664388e-05
9.999923110008239746e-01 7.642359378223773092e-06
9.999874830245971680e-01 1.250287823495455086e-05
9.999995231628417969e-01 4.929357828586944379e-07
9.999953508377075195e-01 4.681845439336029813e-06
9.999978542327880859e-01 2.172437007175176404e-06
9.999997019767761230e-01 3.091597307047777576e-07
9.999920129776000977e-01 7.986470336618367583e-06
9.999933838844299316e-01 6.651189323747530580e-06
9.999959468841552734e-01 4.004592483397573233e-06
9.999999403953552246e-01 6.488483705879843910e-08
9.999997615814208984e-01 2.117521233913066681e-07
9.999966621398925781e-01 3.303915036667603999e-06
9.999951124191284180e-01 4.891825483355205506e-06
9.999965429306030273e-01 3.496310455375351012e-06
9.999960064888000488e-01 3.958934030379168689e-06
9.999998807907104492e-01 1.414935724142196705e-07
9.999980926513671875e-01 1.893656872198334895e-06
9.999983906745910645e-01 1.605186525921453722e-06
9.999973773956298828e-01 2.609571311040781438e-06
9.999971389770507812e-01 2.806643351505044848e-06
9.999997019767761230e-01 2.829147263128106715e-07
9.999908208847045898e-01 9.136410881183110178e-06
9.999995231628417969e-01 4.558276032184949145e-07
9.999859929084777832e-01 1.399440861860057339e-05
9.999974966049194336e-01 2.527915285099879839e-06
9.999969601631164551e-01 3.020888698301860131e-06
