2.307316958904266357e-01 7.692682743072509766e-01
3.388532698154449463e-01 6.611466407775878906e-01
1.080443114042282104e-01 8.919556736946105957e-01
4.553039073944091797e-01 5.446961522102355957e-01
4.618258774280548096e-01 5.381741523742675781e-01
4.791284501552581787e-01 5.208716392517089844e-01
3.911027014255523682e-01 6.088972687721252441e-01
3.092646002769470215e-01 6.907353401184082031e-01
3.793789744377136230e-01 6.206209659576416016e-01
2.895716428756713867e-01 7.104282975196838379e-01
2.732090353965759277e-01 7.267910242080688477e-01
4.507598876953125000e-01 5.492401719093322754e-01
2.933447659015655518e-01 7.066552042961120605e-01
4.783529639244079590e-01 5.216470360755920410e-01
3.488805592060089111e-01 6.511194705963134766e-01
2.185506969690322876e-01 7.814493179321289062e-01
5.068005919456481934e-01 4.931994080543518066e-01
3.442280888557434082e-01 6.557719707489013672e-01
1.200416162610054016e-01 8.799583911895751953e-01
7.669778466224670410e-01 2.330221533775329590e-01
1.351896375417709351e-01 8.648103475570678711e-01
2.287857234477996826e-01 7.712142467498779297e-01
3.607138097286224365e-01 6.392862200736999512e-01
4.694243371486663818e-01 5.305756926536560059e-01
2.128211855888366699e-01 7.871788144111633301e-01
3.330947458744049072e-01 6.669052243232727051e-01
6.413963437080383301e-02 9.358603954315185547e-01
2.198318690061569214e-01 7.801681160926818848e-01
4.022500813007354736e-01 5.977498888969421387e-01
2.936077117919921875e-01 7.063922286033630371e-01
4.820271730422973633e-01 5.179727673530578613e-01
6.781131625175476074e-01 3.218868374824523926e-01
2.182620167732238770e-01 7.817379832267761230e-01
2.429686486721038818e-01 7.570313215255737305e-01
4.715549349784851074e-01 5.284450650215148926e-01
1.778661608695983887e-01 8.221338391304016113e-01
2.024498432874679565e-01 7.975501418113708496e-01
6.469241976737976074e-01 3.530758321285247803e-01
4.756222963333129883e-01 5.243777036666870117e-01
1.671589016914367676e-01 8.328411579132080078e-01
5.779401659965515137e-01 4.220598936080932617e-01
2.186666727066040039e-01 7.813333868980407715e-01
2.361751496791839600e-01 7.638248205184936523e-01
2.003306895494461060e-01 7.996693253517150879e-01
4.805260300636291504e-01 5.194739699363708496e-01
3.728643059730529785e-01 6.271356940269470215e-01
4.219478964805603027e-01 5.780521035194396973e-01
5.235494971275329590e-01 4.764505326747894287e-01
3.988995254039764404e-01 6.011005043983459473e-01
2.460158988833427429e-02 9.753984212875366211e-01
7.859538197517395020e-01 2.140462100505828857e-01
6.401914358139038086e-01 3.598085641860961914e-01
3.436801135540008545e-01 6.563199162483215332e-01
3.745481371879577637e-01 6.254518628120422363e-01
5.097681879997253418e-01 4.902318716049194336e-01
5.720970034599304199e-01 4.279029965400695801e-01
5.832120180130004883e-01 4.167879521846771240e-01
5.562489628791809082e-01 4.437509775161743164e-01
2.378993034362792969e-01 7.621006965637207031e-01
6.155532598495483398e-01 3.844467103481292725e-01
7.541807889938354492e-01 2.458191961050033569e-01
6.034072041511535645e-01 3.965927660465240479e-01
3.488301336765289307e-01 6.511698961257934570e-01
6.711272597312927246e-01 3.288727700710296631e-01
3.908442556858062744e-01 6.091557145118713379e-01
8.952918052673339844e-01 1.047081947326660156e-01
6.891342401504516602e-01 3.108657598495483398e-01
6.196905970573425293e-01 3.803094029426574707e-01
3.438357114791870117e-01 6.561642885208129883e-01
1.063158456236124039e-02 9.893684387207031250e-01
3.539520800113677979e-01 6.460478901863098145e-01
5.879498720169067383e-01 4.120500981807708740e-01
4.137455821037292480e-01 5.862544178962707520e-01
4.576890766620635986e-01 5.423108935356140137e-01
3.691962659358978271e-01 6.308037638664245605e-01
3.374259471893310547e-01 6.625739932060241699e-01
4.942381381988525391e-01 5.057619214057922363e-01
1.446367502212524414e-01 8.553632497787475586e-01
6.722042560577392578e-01 3.277957737445831299e-01
6.427815556526184082e-01 3.572184145450592041e-01
2.860198915004730225e-01 7.139800786972045898e-01
2.574271559715270996e-01 7.425728440284729004e-01
8.507803678512573242e-01 1.492196470499038696e-01
9.416573047637939453e-01 5.834265798330307007e-02
7.504940629005432129e-01 2.495058923959732056e-01
4.258811473846435547e-01 5.741188526153564453e-01
5.228421092033386230e-01 4.771578609943389893e-01
6.375533342361450195e-01 3.624466359615325928e-01
3.725785911083221436e-01 6.274214386940002441e-01
8.297415971755981445e-01 1.702583879232406616e-01
5.065135359764099121e-01 4.934864938259124756e-01
5.573913455009460449e-01 4.426086246967315674e-01
7.867870330810546875e-01 2.132129669189453125e-01
4.632196426391601562e-01 5.367803573608398438e-01
7.448961734771728516e-01 2.551037669181823730e-01
5.770177245140075684e-01 4.229822456836700439e-01
9.507380723953247070e-01 4.926193132996559143e-02
3.946309387683868408e-01 6.053690314292907715e-01
9.122853279113769531e-01 8.771465718746185303e-02
4.694445729255676270e-01 5.305554270744323730e-01
