1.023303493857383728e-01 8.976696133613586426e-01
1.337902992963790894e-01 8.662096261978149414e-01
6.600467860698699951e-02 9.339953064918518066e-01
1.305832564830780029e-01 8.694167137145996094e-01
1.119184568524360657e-01 8.880816102027893066e-01
1.637517362833023071e-01 8.362483382225036621e-01
1.185684949159622192e-01 8.814315199851989746e-01
1.302761137485504150e-01 8.697238564491271973e-01
1.330390274524688721e-01 8.669609427452087402e-01
9.976226836442947388e-02 9.002377986907958984e-01
1.103770732879638672e-01 8.896229267120361328e-01
1.106081604957580566e-01 8.893918395042419434e-01
1.100033894181251526e-01 8.899965882301330566e-01
1.462137252092361450e-01 8.537862300872802734e-01
1.145026832818984985e-01 8.854973316192626953e-01
1.060883402824401855e-01 8.939116597175598145e-01
1.600964963436126709e-01 8.399035334587097168e-01
1.149112656712532043e-01 8.850887417793273926e-01
6.616742908954620361e-02 9.338325858116149902e-01
1.612287461757659912e-01 8.387712836265563965e-01
5.856117606163024902e-02 9.414388537406921387e-01
9.170828759670257568e-02 9.082916975021362305e-01
1.079662367701530457e-01 8.920337557792663574e-01
1.193487718701362610e-01 8.806512951850891113e-01
1.166960373520851135e-01 8.833039999008178711e-01
1.118607223033905029e-01 8.881392478942871094e-01
2.695525996387004852e-02 9.730447530746459961e-01
9.613551199436187744e-02 9.038644433021545410e-01
1.612385958433151245e-01 8.387613296508789062e-01
1.127633377909660339e-01 8.872367143630981445e-01
1.196449100971221924e-01 8.803550601005554199e-01
1.715701669454574585e-01 8.284298777580261230e-01
1.026035174727439880e-01 8.973965048789978027e-01
8.992296457290649414e-02 9.100769758224487305e-01
1.245656237006187439e-01 8.754343986511230469e-01
8.255019783973693848e-02 9.174497723579406738e-01
7.792688161134719849e-02 9.220730662345886230e-01
1.639424264430999756e-01 8.360574841499328613e-01
1.559197157621383667e-01 8.440802693367004395e-01
1.012999117374420166e-01 8.987001180648803711e-01
1.716607809066772461e-01 8.283392786979675293e-01
1.135531365871429443e-01 8.864468932151794434e-01
9.620364010334014893e-02 9.037963747978210449e-01
8.831822872161865234e-02 9.116818308830261230e-01
1.559100598096847534e-01 8.440899252891540527e-01
1.351304650306701660e-01 8.648695349693298340e-01
1.547758877277374268e-01 8.452240824699401855e-01
1.582577526569366455e-01 8.417422175407409668e-01
1.391371637582778931e-01 8.608629107475280762e-01
6.772103719413280487e-03 9.932278990745544434e-01
9.082018136978149414e-01 9.179822355508804321e-02
8.825168609619140625e-01 1.174831688404083252e-01
7.942942380905151367e-01 2.057058364152908325e-01
7.678400278091430664e-01 2.321600317955017090e-01
8.642991781234741211e-01 1.357008665800094604e-01
8.806344866752624512e-01 1.193654537200927734e-01
8.311346769332885742e-01 1.688653081655502319e-01
8.504999876022338867e-01 1.494999527931213379e-01
8.221762776374816895e-01 1.778237074613571167e-01
8.921511173248291016e-01 1.078488975763320923e-01
8.985738754272460938e-01 1.014261469244956970e-01
8.252691030502319336e-01 1.747309416532516479e-01
8.647642135620117188e-01 1.352358162403106689e-01
8.732986450195312500e-01 1.267013847827911377e-01
7.450451254844665527e-01 2.549549341201782227e-01
9.434485435485839844e-01 5.655148625373840332e-02
8.917569518089294434e-01 1.082430705428123474e-01
8.598149418830871582e-01 1.401851028203964233e-01
8.492152690887451172e-01 1.507847309112548828e-01
7.633710503578186035e-01 2.366289645433425903e-01
8.283150792121887207e-01 1.716848760843276978e-01
8.916549086570739746e-01 1.083450242877006531e-01
8.512544035911560059e-01 1.487456411123275757e-01
7.579240798950195312e-01 2.420758903026580811e-01
7.515009641647338867e-01 2.484990358352661133e-01
7.447249293327331543e-01 2.552750706672668457e-01
8.458590507507324219e-01 1.541409343481063843e-01
7.797565460205078125e-01 2.202434688806533813e-01
8.485710620880126953e-01 1.514289826154708862e-01
8.760788440704345703e-01 1.239211410284042358e-01
7.856813669204711914e-01 2.143186628818511963e-01
7.775591611862182617e-01 2.224408537149429321e-01
9.073122739791870117e-01 9.268774092197418213e-02
9.683784842491149902e-01 3.162159770727157593e-02
9.032784700393676758e-01 9.672154486179351807e-02
8.095031976699829102e-01 1.904968619346618652e-01
8.241041302680969238e-01 1.758959144353866577e-01
8.285602331161499023e-01 1.714398115873336792e-01
7.960829734802246094e-01 2.039169967174530029e-01
9.443758726119995117e-01 5.562408640980720520e-02
8.395690917968750000e-01 1.604308336973190308e-01
8.428299427032470703e-01 1.571700125932693481e-01
8.908097743988037109e-01 1.091902181506156921e-01
8.086718916893005371e-01 1.913281381130218506e-01
8.932114243507385254e-01 1.067885309457778931e-01
7.693166732788085938e-01 2.306833267211914062e-01
9.542104601860046387e-01 4.578953608870506287e-02
7.648587226867675781e-01 2.351412475109100342e-01
9.365248680114746094e-01 6.347507238388061523e-02
7.659456133842468262e-01 2.340543121099472046e-01
