5.314978212118148804e-02 9.468502402305603027e-01
1.188179403543472290e-01 8.811820745468139648e-01
4.063273593783378601e-02 9.593672156333923340e-01
1.697737723588943481e-01 8.302262425422668457e-01
1.875342577695846558e-01 8.124657869338989258e-01
1.794163882732391357e-01 8.205836415290832520e-01
1.291628777980804443e-01 8.708371520042419434e-01
1.204050481319427490e-01 8.795949220657348633e-01
1.555042564868927002e-01 8.444956541061401367e-01
1.137624830007553101e-01 8.862375020980834961e-01
7.712933421134948730e-02 9.228706955909729004e-01
1.686886996030807495e-01 8.313112854957580566e-01
7.510905712842941284e-02 9.248909354209899902e-01
1.791782379150390625e-01 8.208218216896057129e-01
1.203718185424804688e-01 8.796281218528747559e-01
5.332450196146965027e-02 9.466755390167236328e-01
1.951370388269424438e-01 8.048630356788635254e-01
1.371704190969467163e-01 8.628296256065368652e-01
4.273443296551704407e-02 9.572655558586120605e-01
4.568400979042053223e-01 5.431599020957946777e-01
4.140617325901985168e-02 9.585938453674316406e-01
6.164773181080818176e-02 9.383522868156433105e-01
1.350227445363998413e-01 8.649771809577941895e-01
1.542476266622543335e-01 8.457524180412292480e-01
7.962021976709365845e-02 9.203797578811645508e-01
1.451125144958496094e-01 8.548875451087951660e-01
1.958280242979526520e-02 9.804171919822692871e-01
5.126978456974029541e-02 9.487301707267761230e-01
1.523527055978775024e-01 8.476473093032836914e-01
7.879120856523513794e-02 9.212087988853454590e-01
1.565144956111907959e-01 8.434855341911315918e-01
4.030228555202484131e-01 5.969771742820739746e-01
5.371795222163200378e-02 9.462820291519165039e-01
6.098885089159011841e-02 9.390111565589904785e-01
1.648427993059158325e-01 8.351572155952453613e-01
4.575334489345550537e-02 9.542466402053833008e-01
7.065016031265258789e-02 9.293498396873474121e-01
3.587378561496734619e-01 6.412621140480041504e-01
1.838187873363494873e-01 8.161811828613281250e-01
6.388191133737564087e-02 9.361180663108825684e-01
1.822884231805801392e-01 8.177115321159362793e-01
8.355271071195602417e-02 9.164472818374633789e-01
6.704822182655334473e-02 9.329518079757690430e-01
8.624238520860671997e-02 9.137576222419738770e-01
1.829512566328048706e-01 8.170487284660339355e-01
8.425061404705047607e-02 9.157493710517883301e-01
1.561135500669479370e-01 8.438864350318908691e-01
3.022566139698028564e-01 6.977434158325195312e-01
1.593528389930725098e-01 8.406471014022827148e-01
1.175966206938028336e-02 9.882403016090393066e-01
8.783958554267883301e-01 1.216041445732116699e-01
8.154304027557373047e-01 1.845695823431015015e-01
5.138239860534667969e-01 4.861759841442108154e-01
5.157896280288696289e-01 4.842102825641632080e-01
7.549862861633300781e-01 2.450137585401535034e-01
7.862750291824340820e-01 2.137249559164047241e-01
6.845847368240356445e-01 3.154152333736419678e-01
7.326305508613586426e-01 2.673694193363189697e-01
5.233387351036071777e-01 4.766612648963928223e-01
7.624872326850891113e-01 2.375127971172332764e-01
8.443331122398376465e-01 1.556669026613235474e-01
6.707674264907836914e-01 3.292326033115386963e-01
6.163445115089416504e-01 3.836554884910583496e-01
7.842103242874145508e-01 2.157896757125854492e-01
4.955924153327941895e-01 5.044075846672058105e-01
9.394835233688354492e-01 6.051647663116455078e-02
8.317684531211853027e-01 1.682315319776535034e-01
7.688593268394470215e-01 2.311406582593917847e-01
6.615567803382873535e-01 3.384432494640350342e-01
6.146542727947235107e-02 9.385345578193664551e-01
6.115040183067321777e-01 3.884959816932678223e-01
7.461091876029968262e-01 2.538907825946807861e-01
6.660778522491455078e-01 3.339220881462097168e-01
5.603241324424743652e-01 4.396758377552032471e-01
5.172924399375915527e-01 4.827075302600860596e-01
4.540959000587463379e-01 5.459040999412536621e-01
6.950429677963256836e-01 3.049570322036743164e-01
3.219298422336578369e-01 6.780701279640197754e-01
7.318117618560791016e-01 2.681882381439208984e-01
8.143278360366821289e-01 1.856721192598342896e-01
4.730843603610992432e-01 5.269156098365783691e-01
4.212075769901275635e-01 5.787924528121948242e-01
8.507930040359497070e-01 1.492069512605667114e-01
9.641932845115661621e-01 3.580674901604652405e-02
8.688310980796813965e-01 1.311689168214797974e-01
6.420781016349792480e-01 3.579218685626983643e-01
6.346582174301147461e-01 3.653418123722076416e-01
7.514881491661071777e-01 2.485118210315704346e-01
5.473755002021789551e-01 4.526245892047882080e-01
8.840951919555664062e-01 1.159048080444335938e-01
7.044478058815002441e-01 2.955521941184997559e-01
7.283661365509033203e-01 2.716338932514190674e-01
8.075054287910461426e-01 1.924945563077926636e-01
6.071896553039550781e-01 3.928104043006896973e-01
8.261212706565856934e-01 1.738787442445755005e-01
6.421116590499877930e-01 3.578883111476898193e-01
9.610681533813476562e-01 3.893188387155532837e-02
5.234391093254089355e-01 4.765609204769134521e-01
9.068118333816528320e-01 9.318817406892776489e-02
6.749852895736694336e-01 3.250147402286529541e-01
