8.947599679231643677e-03 9.910523891448974609e-01
2.327140420675277710e-02 9.767286181449890137e-01
8.330177515745162964e-03 9.916698336601257324e-01
3.788425400853157043e-02 9.621157050132751465e-01
4.312429949641227722e-02 9.568757414817810059e-01
3.971741721034049988e-02 9.602825641632080078e-01
2.494788914918899536e-02 9.750521183013916016e-01
2.832698822021484375e-02 9.716730713844299316e-01
3.677119687199592590e-02 9.632288217544555664e-01
2.561833150684833527e-02 9.743816852569580078e-01
1.563733257353305817e-02 9.843626618385314941e-01
3.683706372976303101e-02 9.631629586219787598e-01
1.317274104803800583e-02 9.868272542953491211e-01
4.173258692026138306e-02 9.582673907279968262e-01
2.331371977925300598e-02 9.766862988471984863e-01
9.081946685910224915e-03 9.909180998802185059e-01
4.396225139498710632e-02 9.560377597808837891e-01
3.359489142894744873e-02 9.664050936698913574e-01
8.253156207501888275e-03 9.917468428611755371e-01
1.171285808086395264e-01 8.828713893890380859e-01
8.635845035314559937e-03 9.913641810417175293e-01
1.092457585036754608e-02 9.890754222869873047e-01
3.262544050812721252e-02 9.673745036125183105e-01
3.047778643667697906e-02 9.695221781730651855e-01
1.594333723187446594e-02 9.840567111968994141e-01
3.430589288473129272e-02 9.656941294670104980e-01
4.142771009355783463e-03 9.958572387695312500e-01
8.628293871879577637e-03 9.913716912269592285e-01
3.473303467035293579e-02 9.652669429779052734e-01
1.609396003186702728e-02 9.839060306549072266e-01
3.069222532212734222e-02 9.693077802658081055e-01
1.048686355352401733e-01 8.951313495635986328e-01
9.233213029801845551e-03 9.907668232917785645e-01
1.096651330590248108e-02 9.890335202217102051e-01
3.738087415695190430e-02 9.626190662384033203e-01
8.145813830196857452e-03 9.918541908264160156e-01
1.411841157823801041e-02 9.858815670013427734e-01
9.167829900979995728e-02 9.083216786384582520e-01
4.387875273823738098e-02 9.561212658882141113e-01
1.305130869150161743e-02 9.869487285614013672e-01
3.315648809075355530e-02 9.668435454368591309e-01
1.913412101566791534e-02 9.808658957481384277e-01
1.328448299318552017e-02 9.867155551910400391e-01
2.047493122518062592e-02 9.795250892639160156e-01
4.272365942597389221e-02 9.572762846946716309e-01
1.448045391589403152e-02 9.855195283889770508e-01
3.508826345205307007e-02 9.649117588996887207e-01
7.905858755111694336e-02 9.209413528442382812e-01
3.774699941277503967e-02 9.622529149055480957e-01
2.895728219300508499e-03 9.971042275428771973e-01
9.523144960403442383e-01 4.768555238842964172e-02
9.301466345787048340e-01 6.985334306955337524e-02
7.709254026412963867e-01 2.290745079517364502e-01
7.374719381332397461e-01 2.625280320644378662e-01
9.105917215347290039e-01 8.940827846527099609e-02
9.220489859580993652e-01 7.795104384422302246e-02
8.404523134231567383e-01 1.595477759838104248e-01
8.867179155349731445e-01 1.132820770144462585e-01
7.975621223449707031e-01 2.024378180503845215e-01
9.098230600357055664e-01 9.017696976661682129e-02
9.321334362030029297e-01 6.786657124757766724e-02
8.243529796600341797e-01 1.756470352411270142e-01
8.630055189132690430e-01 1.369944363832473755e-01
9.088460206985473633e-01 9.115394949913024902e-02
6.993692517280578613e-01 3.006307780742645264e-01
9.758344888687133789e-01 2.416556328535079956e-02
9.359915256500244141e-01 6.400848180055618286e-02
9.031761288642883301e-01 9.682385623455047607e-02
8.840755224227905273e-01 1.159245073795318604e-01
4.029488861560821533e-01 5.970511436462402344e-01
8.448625802993774414e-01 1.551373898983001709e-01
9.052073359489440918e-01 9.479269385337829590e-02
8.761600255966186523e-01 1.238399446010589600e-01
7.448970675468444824e-01 2.551029324531555176e-01
7.482394576072692871e-01 2.517604827880859375e-01
6.693616509437561035e-01 3.306383490562438965e-01
8.843150138854980469e-01 1.156850159168243408e-01
6.779041886329650879e-01 3.220957815647125244e-01
8.670807480812072754e-01 1.329192817211151123e-01
9.277476668357849121e-01 7.225234806537628174e-02
7.294301390647888184e-01 2.705699205398559570e-01
6.931828260421752930e-01 3.068172335624694824e-01
9.083409309387207031e-01 9.165906161069869995e-02
9.851407408714294434e-01 1.485927216708660126e-02
9.493679404258728027e-01 5.063204467296600342e-02
8.399419188499450684e-01 1.600580215454101562e-01
7.955933213233947754e-01 2.044067084789276123e-01
8.849882483482360840e-01 1.150117591023445129e-01
7.698634862899780273e-01 2.301364839076995850e-01
9.526490569114685059e-01 4.735092446208000183e-02
8.704007863998413086e-01 1.295991539955139160e-01
8.816082477569580078e-01 1.183917373418807983e-01
8.904296159744262695e-01 1.095703616738319397e-01
8.205496668815612793e-01 1.794503927230834961e-01
9.306550621986389160e-01 6.934496760368347168e-02
7.837574481964111328e-01 2.162425816059112549e-01
9.793087244033813477e-01 2.069132030010223389e-02
7.334727048873901367e-01 2.665273249149322510e-01
9.409695267677307129e-01 5.903048440814018250e-02
8.340163826942443848e-01 1.659836173057556152e-01
