7.240469753742218018e-02 9.275953769683837891e-01
9.789387136697769165e-02 9.021061062812805176e-01
5.293632671236991882e-02 9.470636844635009766e-01
9.180019050836563110e-02 9.081997871398925781e-01
7.755826413631439209e-02 9.224417805671691895e-01
1.222439259290695190e-01 8.777561187744140625e-01
8.109074831008911133e-02 9.189091920852661133e-01
9.887856245040893555e-02 9.011214375495910645e-01
1.009469926357269287e-01 8.990530371665954590e-01
7.179964333772659302e-02 9.282003045082092285e-01
8.099919557571411133e-02 9.190007448196411133e-01
7.632455229759216309e-02 9.236754179000854492e-01
7.528615742921829224e-02 9.247139096260070801e-01
1.051129847764968872e-01 8.948869705200195312e-01
7.678417116403579712e-02 9.232158064842224121e-01
7.537591457366943359e-02 9.246240854263305664e-01
1.184753105044364929e-01 8.815246820449829102e-01
8.631421625614166260e-02 9.136857986450195312e-01
5.136039480566978455e-02 9.486395716667175293e-01
1.178407818078994751e-01 8.821592926979064941e-01
4.578479379415512085e-02 9.542152285575866699e-01
6.190997362136840820e-02 9.380900263786315918e-01
7.849980890750885010e-02 9.215002059936523438e-01
8.452168852090835571e-02 9.154783487319946289e-01
9.675495326519012451e-02 9.032450318336486816e-01
8.257137238979339600e-02 9.174285531044006348e-01
2.234397642314434052e-02 9.776560068130493164e-01
6.536247581243515015e-02 9.346375465393066406e-01
1.256007701158523560e-01 8.743991851806640625e-01
8.127576857805252075e-02 9.187242388725280762e-01
7.848428934812545776e-02 9.215156435966491699e-01
1.353292763233184814e-01 8.646706938743591309e-01
7.104042172431945801e-02 9.289595484733581543e-01
5.949808284640312195e-02 9.405019283294677734e-01
8.900298923254013062e-02 9.109969735145568848e-01
6.039875373244285583e-02 9.396011829376220703e-01
5.699884891510009766e-02 9.430012106895446777e-01
1.291121691465377808e-01 8.708878755569458008e-01
1.164042428135871887e-01 8.835957050323486328e-01
8.381086587905883789e-02 9.161891341209411621e-01
1.258036047220230103e-01 8.741964101791381836e-01
9.442291408777236938e-02 9.055770635604858398e-01
7.210147380828857422e-02 9.278985261917114258e-01
7.435931265354156494e-02 9.256406426429748535e-01
1.163756102323532104e-01 8.836244344711303711e-01
8.915385603904724121e-02 9.108461737632751465e-01
1.157634034752845764e-01 8.842365741729736328e-01
1.240088343620300293e-01 8.759911060333251953e-01
1.033068001270294189e-01 8.966932296752929688e-01
5.284731276333332062e-03 9.947152733802795410e-01
9.476282596588134766e-01 5.237174034118652344e-02
9.307852387428283691e-01 6.921471655368804932e-02
8.428271412849426270e-01 1.571728140115737915e-01
7.907738685607910156e-01 2.092261165380477905e-01
9.227957129478454590e-01 7.720428705215454102e-02
9.350806474685668945e-01 6.491939723491668701e-02
8.571752905845642090e-01 1.428246796131134033e-01
8.895572423934936523e-01 1.104427576065063477e-01
8.836876153945922852e-01 1.163123622536659241e-01
9.316477179527282715e-01 6.835222989320755005e-02
9.326016902923583984e-01 6.739833205938339233e-02
8.374373316764831543e-01 1.625626981258392334e-01
9.237911105155944824e-01 7.620889693498611450e-02
9.131873846054077148e-01 8.681256324052810669e-02
7.796829938888549805e-01 2.203170657157897949e-01
9.632041454315185547e-01 3.679586201906204224e-02
9.385759234428405762e-01 6.142406910657882690e-02
8.969598412513732910e-01 1.030401363968849182e-01
9.186663627624511719e-01 8.133368194103240967e-02
8.228996396064758301e-01 1.771003752946853638e-01
8.725192546844482422e-01 1.274806559085845947e-01
9.325541853904724121e-01 6.744577735662460327e-02
9.088542461395263672e-01 9.114578366279602051e-02
7.771309614181518555e-01 2.228690087795257568e-01
7.802665233612060547e-01 2.197335064411163330e-01
7.787516713142395020e-01 2.212482541799545288e-01
9.024455547332763672e-01 9.755441546440124512e-02
8.419533371925354004e-01 1.580466181039810181e-01
8.573867082595825195e-01 1.426133364439010620e-01
9.275175333023071289e-01 7.248248159885406494e-02
8.288556337356567383e-01 1.711443662643432617e-01
8.197504878044128418e-01 1.802494674921035767e-01
8.909688591957092285e-01 1.090310662984848022e-01
9.796423912048339844e-01 2.035759016871452332e-02
9.439758062362670898e-01 5.602421984076499939e-02
8.666434884071350098e-01 1.333565562963485718e-01
8.490222096443176270e-01 1.509777754545211792e-01
8.792216181755065918e-01 1.207783296704292297e-01
8.225965499877929688e-01 1.774034798145294189e-01
9.617604017257690430e-01 3.823958709836006165e-02
8.922203779220581055e-01 1.077795848250389099e-01
8.876395225524902344e-01 1.123604625463485718e-01
8.815247416496276855e-01 1.184752210974693298e-01
8.539990782737731934e-01 1.460009068250656128e-01
9.281868338584899902e-01 7.181308418512344360e-02
7.788994312286376953e-01 2.211005985736846924e-01
9.543554186820983887e-01 4.564464464783668518e-02
7.946186661720275879e-01 2.053813636302947998e-01
9.141513705253601074e-01 8.584864437580108643e-02
8.056116700172424316e-01 1.943883895874023438e-01
