1.317116781137883663e-03 9.986828565597534180e-01
3.627184312790632248e-03 9.963728189468383789e-01
1.303142402321100235e-03 9.986968636512756348e-01
6.252885796129703522e-03 9.937471151351928711e-01
7.278866134583950043e-03 9.927211403846740723e-01
6.792156957089900970e-03 9.932078123092651367e-01
3.789312671869993210e-03 9.962106943130493164e-01
4.856356419622898102e-03 9.951436519622802734e-01
6.293871905654668808e-03 9.937061667442321777e-01
4.276835825294256210e-03 9.957231879234313965e-01
2.488378668203949928e-03 9.975116252899169922e-01
5.894570611417293549e-03 9.941053986549377441e-01
1.948041608557105064e-03 9.980520009994506836e-01
7.014910224825143814e-03 9.929851293563842773e-01
3.587273648008704185e-03 9.964127540588378906e-01
1.347048208117485046e-03 9.986529350280761719e-01
7.348955143243074417e-03 9.926510453224182129e-01
5.881393793970346451e-03 9.941186308860778809e-01
1.259413664229214191e-03 9.987406134605407715e-01
1.992396637797355652e-02 9.800760149955749512e-01
1.398002612404525280e-03 9.986019730567932129e-01
1.628108904697000980e-03 9.983718991279602051e-01
5.764223635196685791e-03 9.942357540130615234e-01
4.765969701111316681e-03 9.952340126037597656e-01
2.477731322869658470e-03 9.975222945213317871e-01
5.727987736463546753e-03 9.942720532417297363e-01
6.740561220794916153e-04 9.993259310722351074e-01
1.272973488084971905e-03 9.987270236015319824e-01
5.889506079256534576e-03 9.941104650497436523e-01
2.546271076425909996e-03 9.974537491798400879e-01
4.753866698592901230e-03 9.952461719512939453e-01
1.794929802417755127e-02 9.820506572723388672e-01
1.374646672047674656e-03 9.986253380775451660e-01
1.636633300222456455e-03 9.983633756637573242e-01
6.113561801612377167e-03 9.938864111900329590e-01
1.219610800035297871e-03 9.987803697586059570e-01
2.211727900430560112e-03 9.977883100509643555e-01
1.581281982362270355e-02 9.841871261596679688e-01
7.519095670431852341e-03 9.924808740615844727e-01
2.035099314525723457e-03 9.979649186134338379e-01
5.046971142292022705e-03 9.949530959129333496e-01
3.224950516596436501e-03 9.967750310897827148e-01
2.086231950670480728e-03 9.979137778282165527e-01
3.439719323068857193e-03 9.965602755546569824e-01
7.134766783565282822e-03 9.928652048110961914e-01
2.158571733161807060e-03 9.978414773941040039e-01
5.835593678057193756e-03 9.941643476486206055e-01
1.371752843260765076e-02 9.862824082374572754e-01
6.481920368969440460e-03 9.935181140899658203e-01
4.803413175977766514e-04 9.995196461677551270e-01
9.873272776603698730e-01 1.267274841666221619e-02
9.829047322273254395e-01 1.709526032209396362e-02
9.255841374397277832e-01 7.441582530736923218e-02
8.990864753723144531e-01 1.009135320782661438e-01
9.778807759284973145e-01 2.211923897266387939e-02
9.802053570747375488e-01 1.979467086493968964e-02
9.435873627662658691e-01 5.641260743141174316e-02
9.666696786880493164e-01 3.333030641078948975e-02
9.392694234848022461e-01 6.073056161403656006e-02
9.777440428733825684e-01 2.225592173635959625e-02
9.796049594879150391e-01 2.039506286382675171e-02
9.377549290657043457e-01 6.224509328603744507e-02
9.677454829216003418e-01 3.225450217723846436e-02
9.751090407371520996e-01 2.489096485078334808e-02
8.727915883064270020e-01 1.272083967924118042e-01
9.937663078308105469e-01 6.233695894479751587e-03
9.834129810333251953e-01 1.658700965344905853e-02
9.718521237373352051e-01 2.814786322414875031e-02
9.720005989074707031e-01 2.799938432872295380e-02
8.027867078781127930e-01 1.972132772207260132e-01
9.557038545608520508e-01 4.429612308740615845e-02
9.775638580322265625e-01 2.243611402809619904e-02
9.680986404418945312e-01 3.190134838223457336e-02
8.933363556861877441e-01 1.066635623574256897e-01
9.043585062026977539e-01 9.564149379730224609e-02
8.598166108131408691e-01 1.401833295822143555e-01
9.697551131248474121e-01 3.024485893547534943e-02
9.005889892578125000e-01 9.941101819276809692e-02
9.561247229576110840e-01 4.387530684471130371e-02
9.809932708740234375e-01 1.900671795010566711e-02
9.022946953773498535e-01 9.770537167787551880e-02
8.947007060050964355e-01 1.052993014454841614e-01
9.610453844070434570e-01 3.895458951592445374e-02
9.961019158363342285e-01 3.898120950907468796e-03
9.868458509445190430e-01 1.315414998680353165e-02
9.459843635559082031e-01 5.401565879583358765e-02
9.232062101364135742e-01 7.679373025894165039e-02
9.598672986030578613e-01 4.013268277049064636e-02
9.214272499084472656e-01 7.857277989387512207e-02
9.884163141250610352e-01 1.158365793526172638e-02
9.619609117507934570e-01 3.803904727101325989e-02
9.652597904205322266e-01 3.474020585417747498e-02
9.588721990585327148e-01 4.112780094146728516e-02
9.416292905807495117e-01 5.837069451808929443e-02
9.819512963294982910e-01 1.804867200553417206e-02
9.089789390563964844e-01 9.102103859186172485e-02
9.928776025772094727e-01 7.122412323951721191e-03
8.898975253105163574e-01 1.101024672389030457e-01
9.748658537864685059e-01 2.513417415320873260e-02
9.371075034141540527e-01 6.289251148700714111e-02
