5.431135743856430054e-02 9.456886053085327148e-01
7.841677963733673096e-02 9.215831756591796875e-01
4.451513290405273438e-02 9.554848074913024902e-01
7.040428370237350464e-02 9.295957088470458984e-01
5.766676738858222961e-02 9.423332214355468750e-01
1.026413515210151672e-01 8.973585963249206543e-01
6.143817305564880371e-02 9.385618567466735840e-01
8.213155716657638550e-02 9.178684949874877930e-01
8.733125776052474976e-02 9.126687049865722656e-01
5.394065007567405701e-02 9.460592865943908691e-01
6.293649226427078247e-02 9.370634555816650391e-01
5.799724534153938293e-02 9.420027732849121094e-01
5.640077590942382812e-02 9.435992240905761719e-01
8.304589241743087769e-02 9.169541001319885254e-01
5.810222029685974121e-02 9.418977499008178711e-01
5.710183084011077881e-02 9.428982138633728027e-01
9.334127604961395264e-02 9.066587090492248535e-01
7.065942883491516113e-02 9.293405413627624512e-01
4.103005677461624146e-02 9.589699506759643555e-01
9.753411263227462769e-02 9.024658203125000000e-01
3.747461363673210144e-02 9.625254273414611816e-01
4.527667909860610962e-02 9.547232985496520996e-01
6.052378565073013306e-02 9.394761919975280762e-01
6.626275181770324707e-02 9.337372779846191406e-01
8.438411355018615723e-02 9.156158566474914551e-01
6.439917534589767456e-02 9.356008768081665039e-01
1.943535543978214264e-02 9.805646538734436035e-01
4.708814248442649841e-02 9.529118537902832031e-01
1.049187034368515015e-01 8.950813412666320801e-01
6.099015101790428162e-02 9.390097856521606445e-01
5.773552879691123962e-02 9.422644376754760742e-01
1.170752197504043579e-01 8.829247355461120605e-01
5.268933996558189392e-02 9.473106265068054199e-01
4.229466989636421204e-02 9.577053189277648926e-01
6.816685944795608521e-02 9.318331480026245117e-01
4.665666446089744568e-02 9.533432722091674805e-01
4.485045000910758972e-02 9.551495313644409180e-01
1.109291687607765198e-01 8.890708088874816895e-01
9.717576205730438232e-02 9.028242826461791992e-01
7.096929103136062622e-02 9.290306568145751953e-01
1.002162545919418335e-01 8.997837305068969727e-01
8.322682231664657593e-02 9.167732000350952148e-01
5.644373223185539246e-02 9.435562491416931152e-01
6.510993838310241699e-02 9.348900318145751953e-01
9.771023690700531006e-02 9.022897481918334961e-01
6.673792749643325806e-02 9.332621097564697266e-01
9.479735046625137329e-02 9.052026867866516113e-01
1.008374914526939392e-01 8.991625308990478516e-01
8.546324074268341064e-02 9.145367145538330078e-01
4.318131133913993835e-03 9.956818819046020508e-01
9.680837392807006836e-01 3.191627934575080872e-02
9.612196683883666992e-01 3.878036141395568848e-02
8.625707030296325684e-01 1.374293416738510132e-01
7.884771227836608887e-01 2.115228325128555298e-01
9.562721252441406250e-01 4.372790455818176270e-02
9.633826017379760742e-01 3.661736845970153809e-02
8.664150834083557129e-01 1.335848867893218994e-01
9.207467436790466309e-01 7.925325632095336914e-02
9.237843155860900879e-01 7.621572911739349365e-02
9.552561640739440918e-01 4.474381729960441589e-02
9.545977115631103516e-01 4.540228843688964844e-02
8.462570905685424805e-01 1.537428945302963257e-01
9.530719518661499023e-01 4.692812636494636536e-02
9.367624521255493164e-01 6.323750317096710205e-02
7.855080366134643555e-01 2.144919186830520630e-01
9.766407608985900879e-01 2.335928007960319519e-02
9.654889106750488281e-01 3.451107442378997803e-02
9.243404269218444824e-01 7.565958052873611450e-02
9.544708728790283203e-01 4.552916437387466431e-02
8.436195850372314453e-01 1.563804447650909424e-01
8.962258100509643555e-01 1.037741973996162415e-01
9.583429098129272461e-01 4.165705665946006775e-02
9.403980374336242676e-01 5.960201099514961243e-02
7.804418802261352539e-01 2.195581197738647461e-01
7.862837910652160645e-01 2.137162238359451294e-01
7.812328934669494629e-01 2.187670767307281494e-01
9.312062859535217285e-01 6.879363954067230225e-02
8.668075203895568848e-01 1.331924349069595337e-01
8.589470386505126953e-01 1.410530060529708862e-01
9.568389058113098145e-01 4.316113516688346863e-02
8.516362905502319336e-01 1.483637243509292603e-01
8.420505523681640625e-01 1.579494625329971313e-01
8.699806332588195801e-01 1.300193220376968384e-01
9.883688092231750488e-01 1.163116097450256348e-02
9.661449193954467773e-01 3.385510295629501343e-02
8.991358876228332520e-01 1.008641198277473450e-01
8.636491894721984863e-01 1.363507956266403198e-01
9.079262614250183105e-01 9.207372367382049561e-02
8.288041353225708008e-01 1.711958348751068115e-01
9.748952984809875488e-01 2.510471269488334656e-02
9.243132472038269043e-01 7.568675279617309570e-02
9.211503863334655762e-01 7.884960621595382690e-02
8.834761381149291992e-01 1.165238618850708008e-01
8.642165660858154297e-01 1.357834190130233765e-01
9.481540918350219727e-01 5.184594914317131042e-02
7.788287401199340820e-01 2.211712896823883057e-01
9.560383558273315430e-01 4.396162554621696472e-02
8.032245635986328125e-01 1.967754513025283813e-01
8.872796297073364258e-01 1.127203032374382019e-01
8.299088478088378906e-01 1.700912117958068848e-01
