1.867635437520220876e-04 9.998132586479187012e-01
5.286927917040884495e-04 9.994713068008422852e-01
1.890883286250755191e-04 9.998109340667724609e-01
9.297245414927601814e-04 9.990702867507934570e-01
1.077097142115235329e-03 9.989229440689086914e-01
1.027997001074254513e-03 9.989719986915588379e-01
5.434173508547246456e-04 9.994565844535827637e-01
7.344253244809806347e-04 9.992656111717224121e-01
9.454067330807447433e-04 9.990545511245727539e-01
6.407340406440198421e-04 9.993593096733093262e-01
3.655410255305469036e-04 9.996344447135925293e-01
8.624245529063045979e-04 9.991375803947448730e-01
2.766023389995098114e-04 9.997233748435974121e-01
1.054016407579183578e-03 9.989460110664367676e-01
5.168989882804453373e-04 9.994831085205078125e-01
1.917326444527134299e-04 9.998082518577575684e-01
1.101110479794442654e-03 9.988988637924194336e-01
9.163301438093185425e-04 9.990836977958679199e-01
1.796371507225558162e-04 9.998203516006469727e-01
3.027091035619378090e-03 9.969729185104370117e-01
2.078465913655236363e-04 9.997921586036682129e-01
2.338195336051285267e-04 9.997661709785461426e-01
9.223854867741465569e-04 9.990776181221008301e-01
6.978616002015769482e-04 9.993020892143249512e-01
3.603147633839398623e-04 9.996396899223327637e-01
8.495666552335023880e-04 9.991504549980163574e-01
9.910816879710182548e-05 9.999008774757385254e-01
1.801928447093814611e-04 9.998198151588439941e-01
9.531820542179048061e-04 9.990468025207519531e-01
3.712013131007552147e-04 9.996287822723388672e-01
6.850350182503461838e-04 9.993149042129516602e-01
2.709153341129422188e-03 9.972907900810241699e-01
1.955776388058438897e-04 9.998044371604919434e-01
2.341135405004024506e-04 9.997658729553222656e-01
9.008936467580497265e-04 9.990991353988647461e-01
1.729443320073187351e-04 9.998270869255065918e-01
3.196668694727122784e-04 9.996803402900695801e-01
2.422597492113709450e-03 9.975774288177490234e-01
1.144285430200397968e-03 9.988557100296020508e-01
2.982997393701225519e-04 9.997016787528991699e-01
7.293195812962949276e-04 9.992707371711730957e-01
4.785211640410125256e-04 9.995214939117431641e-01
3.002689627464860678e-04 9.996997117996215820e-01
5.192296230234205723e-04 9.994807839393615723e-01
1.066277036443352699e-03 9.989336729049682617e-01
3.078492009080946445e-04 9.996921420097351074e-01
8.716044831089675426e-04 9.991283416748046875e-01
2.094037132337689400e-03 9.979059696197509766e-01
9.902167366817593575e-04 9.990097880363464355e-01
7.081728836055845022e-05 9.999291896820068359e-01
9.975226521492004395e-01 2.477314556017518044e-03
9.966881871223449707e-01 3.311800071969628334e-03
9.817960858345031738e-01 1.820389181375503540e-02
9.706345796585083008e-01 2.936536259949207306e-02
9.959131479263305664e-01 4.086848348379135132e-03
9.963123798370361328e-01 3.687613643705844879e-03
9.856984019279479980e-01 1.430161856114864349e-02
9.925404191017150879e-01 7.459563203155994415e-03
9.858469367027282715e-01 1.415304467082023621e-02
9.959815144538879395e-01 4.018434789031744003e-03
9.952443838119506836e-01 4.755617119371891022e-03
9.841849803924560547e-01 1.581501401960849762e-02
9.942429065704345703e-01 5.757095292210578918e-03
9.948748946189880371e-01 5.125075113028287888e-03
9.607480168342590332e-01 3.925203531980514526e-02
9.988073110580444336e-01 1.192726660519838333e-03
9.967957139015197754e-01 3.204248612746596336e-03
9.938431382179260254e-01 6.156890187412500381e-03
9.948326945304870605e-01 5.167287308722734451e-03
9.533367156982421875e-01 4.666328802704811096e-02
9.910782575607299805e-01 8.921767584979534149e-03
9.960622191429138184e-01 3.937819972634315491e-03
9.937664270401000977e-01 6.233562715351581573e-03
9.679273962974548340e-01 3.207263350486755371e-02
9.731699824333190918e-01 2.683004178106784821e-02
9.586740732192993164e-01 4.132597148418426514e-02
9.941167235374450684e-01 5.883293692022562027e-03
9.761832356452941895e-01 2.381682395935058594e-02
9.892844557762145996e-01 1.071553397923707962e-02
9.963240027427673340e-01 3.675981657579541206e-03
9.740954637527465820e-01 2.590457163751125336e-02
9.723920822143554688e-01 2.760789170861244202e-02
9.878759384155273438e-01 1.212408207356929779e-02
9.992374181747436523e-01 7.625705911777913570e-04
9.974083304405212402e-01 2.591674914583563805e-03
9.859836697578430176e-01 1.401641499251127243e-02
9.796384572982788086e-01 2.036157250404357910e-02
9.891698360443115234e-01 1.083011459559202194e-02
9.799835085868835449e-01 2.001647651195526123e-02
9.979068636894226074e-01 2.093180082738399506e-03
9.911041855812072754e-01 8.895824663341045380e-03
9.918647408485412598e-01 8.135231211781501770e-03
9.888648390769958496e-01 1.113516371697187424e-02
9.856155514717102051e-01 1.438440661877393723e-02
9.965241551399230957e-01 3.475894220173358917e-03
9.726021289825439453e-01 2.739789336919784546e-02
9.981337785720825195e-01 1.866251928731799126e-03
9.649548530578613281e-01 3.504519164562225342e-02
9.923676848411560059e-01 7.632323540747165680e-03
9.830408692359924316e-01 1.695909723639488220e-02
