3.363290429115295410e-02 9.663671255111694336e-01
5.691662803292274475e-02 9.430833458900451660e-01
3.376803174614906311e-02 9.662320017814636230e-01
4.711538180708885193e-02 9.528846144676208496e-01
3.319592773914337158e-02 9.668040275573730469e-01
7.904651015996932983e-02 9.209534525871276855e-01
4.000380262732505798e-02 9.599961638450622559e-01
6.279279291629791260e-02 9.372071623802185059e-01
7.102034240961074829e-02 9.289796352386474609e-01
3.378048539161682129e-02 9.662195444107055664e-01
4.125332832336425781e-02 9.587466716766357422e-01
3.586816787719726562e-02 9.641317725181579590e-01
3.543537110090255737e-02 9.645645618438720703e-01
6.225976720452308655e-02 9.377402663230895996e-01
3.407359123229980469e-02 9.659264087677001953e-01
3.793065994977951050e-02 9.620693922042846680e-01
7.206975668668746948e-02 9.279302358627319336e-01
5.328850820660591125e-02 9.467114210128784180e-01
2.589655481278896332e-02 9.741033911705017090e-01
7.330765575170516968e-02 9.266923666000366211e-01
2.666060440242290497e-02 9.733393788337707520e-01
2.807192504405975342e-02 9.719280004501342773e-01
4.001329839229583740e-02 9.599866867065429688e-01
4.300125688314437866e-02 9.569987058639526367e-01
7.223825156688690186e-02 9.277617335319519043e-01
3.906519711017608643e-02 9.609348177909851074e-01
1.431600004434585571e-02 9.856839776039123535e-01
2.720100246369838715e-02 9.727990031242370605e-01
8.968219906091690063e-02 9.103178381919860840e-01
3.680127486586570740e-02 9.631987214088439941e-01
3.550112619996070862e-02 9.644988179206848145e-01
9.594605863094329834e-02 9.040539264678955078e-01
3.198020905256271362e-02 9.680198431015014648e-01
2.318689413368701935e-02 9.768130779266357422e-01
4.467981681227684021e-02 9.553201794624328613e-01
2.945930697023868561e-02 9.705407023429870605e-01
2.694824710488319397e-02 9.730517864227294922e-01
9.067062288522720337e-02 9.093294143676757812e-01
7.481855154037475586e-02 9.251813888549804688e-01
5.691633000969886780e-02 9.430837035179138184e-01
7.870858907699584961e-02 9.212914109230041504e-01
7.131975889205932617e-02 9.286802411079406738e-01
3.997421637177467346e-02 9.600257873535156250e-01
5.126232653856277466e-02 9.487376213073730469e-01
7.962663471698760986e-02 9.203734397888183594e-01
4.097331315279006958e-02 9.590266942977905273e-01
7.121077179908752441e-02 9.287892580032348633e-01
7.783918827772140503e-02 9.221607446670532227e-01
6.546351313591003418e-02 9.345365166664123535e-01
2.773156622424721718e-03 9.972267746925354004e-01
9.909538626670837402e-01 9.046128019690513611e-03
9.877367019653320312e-01 1.226334460079669952e-02
8.919731974601745605e-01 1.080268174409866333e-01
7.510489821434020996e-01 2.489510774612426758e-01
9.871211051940917969e-01 1.287887152284383774e-02
9.903879165649414062e-01 9.612072259187698364e-03
8.692870736122131348e-01 1.307128965854644775e-01
9.525541663169860840e-01 4.744580760598182678e-02
9.582387804985046387e-01 4.176121205091476440e-02
9.761831760406494141e-01 2.381685934960842133e-02
9.772919416427612305e-01 2.270805090665817261e-02
8.346019387245178223e-01 1.653980016708374023e-01
9.788438081741333008e-01 2.115616202354431152e-02
9.609701633453369141e-01 3.902981802821159363e-02
7.422855496406555176e-01 2.577145099639892578e-01
9.909856915473937988e-01 9.014371782541275024e-03
9.895692467689514160e-01 1.043077558279037476e-02
9.589346647262573242e-01 4.106536507606506348e-02
9.861194491386413574e-01 1.388058718293905258e-02
8.582682609558105469e-01 1.417317241430282593e-01
9.213126301765441895e-01 7.868741452693939209e-02
9.831264615058898926e-01 1.687346398830413818e-02
9.665697813034057617e-01 3.343022242188453674e-02
7.602528929710388184e-01 2.397471070289611816e-01
7.393402457237243652e-01 2.606597542762756348e-01
7.429767251014709473e-01 2.570232450962066650e-01
9.607105851173400879e-01 3.928937390446662903e-02
8.857220411300659180e-01 1.142779216170310974e-01
8.401769399642944336e-01 1.598231047391891479e-01
9.875917434692382812e-01 1.240824814885854721e-02
8.612439036369323730e-01 1.387560516595840454e-01
8.442482948303222656e-01 1.557516455650329590e-01
8.107046484947204590e-01 1.892953962087631226e-01
9.968450069427490234e-01 3.155018435791134834e-03
9.897640943527221680e-01 1.023591216653585434e-02
9.378547072410583496e-01 6.214534118771553040e-02
8.773934245109558105e-01 1.226065754890441895e-01
9.430631995201110840e-01 5.693674460053443909e-02
8.274797797203063965e-01 1.725202053785324097e-01
9.858797788619995117e-01 1.412025187164545059e-02
9.615693688392639160e-01 3.843060508370399475e-02
9.563893079757690430e-01 4.361062496900558472e-02
8.550776243209838867e-01 1.449223607778549194e-01
8.808357119560241699e-01 1.191642135381698608e-01
9.681079983711242676e-01 3.189206868410110474e-02
7.385964989662170410e-01 2.614035010337829590e-01
9.545134305953979492e-01 4.548660665750503540e-02
7.841751575469970703e-01 2.158248871564865112e-01
8.116320967674255371e-01 1.883679479360580444e-01
8.635044097900390625e-01 1.364955753087997437e-01
