1.954463310539722443e-02 9.804553985595703125e-01
3.861638158559799194e-02 9.613836407661437988e-01
2.328053861856460571e-02 9.767194390296936035e-01
2.666306681931018829e-02 9.733368754386901855e-01
1.558206789195537567e-02 9.844179153442382812e-01
5.891336873173713684e-02 9.410866498947143555e-01
2.410682477056980133e-02 9.758931398391723633e-01
4.808429256081581116e-02 9.519156813621520996e-01
6.105287373065948486e-02 9.389471411705017090e-01
1.756958663463592529e-02 9.824303984642028809e-01
2.356731519103050232e-02 9.764326810836791992e-01
1.923954300582408905e-02 9.807605147361755371e-01
2.015716582536697388e-02 9.798429012298583984e-01
4.525532945990562439e-02 9.547446966171264648e-01
1.642975211143493652e-02 9.835702776908874512e-01
2.219358459115028381e-02 9.778063893318176270e-01
5.781705677509307861e-02 9.421830177307128906e-01
3.876340016722679138e-02 9.612365365028381348e-01
1.451037731021642685e-02 9.854896068572998047e-01
5.347941070795059204e-02 9.465205669403076172e-01
1.667148061096668243e-02 9.833285212516784668e-01
1.459142379462718964e-02 9.854086041450500488e-01
2.323422953486442566e-02 9.767657518386840820e-01
2.663011848926544189e-02 9.733698964118957520e-01
6.039598211646080017e-02 9.396039843559265137e-01
2.087063901126384735e-02 9.791293144226074219e-01
9.763941168785095215e-03 9.902361035346984863e-01
1.215030066668987274e-02 9.878497719764709473e-01
7.772434502840042114e-02 9.222757220268249512e-01
2.019589953124523163e-02 9.798040986061096191e-01
1.894566230475902557e-02 9.810543656349182129e-01
7.946910709142684937e-02 9.205309152603149414e-01
1.635826006531715393e-02 9.836417436599731445e-01
9.478569962084293365e-03 9.905214309692382812e-01
2.474017255008220673e-02 9.752598404884338379e-01
1.561257243156433105e-02 9.843873977661132812e-01
1.480101048946380615e-02 9.851989746093750000e-01
7.156421244144439697e-02 9.284358024597167969e-01
5.517110973596572876e-02 9.448288679122924805e-01
4.562255367636680603e-02 9.543774127960205078e-01
6.127539277076721191e-02 9.387246370315551758e-01
5.979606136679649353e-02 9.402039647102355957e-01
2.211085148155689240e-02 9.778891205787658691e-01
3.984643891453742981e-02 9.601535797119140625e-01
6.102914363145828247e-02 9.389708638191223145e-01
2.215836569666862488e-02 9.778416752815246582e-01
5.083589628338813782e-02 9.491640925407409668e-01
6.216419488191604614e-02 9.378358721733093262e-01
4.683798924088478088e-02 9.531620144844055176e-01
1.418977393768727779e-03 9.985810518264770508e-01
9.989699125289916992e-01 1.030051149427890778e-03
9.978418350219726562e-01 2.158110728487372398e-03
9.169222116470336914e-01 8.307781070470809937e-02
6.939262151718139648e-01 3.060736954212188721e-01
9.983502030372619629e-01 1.649803016334772110e-03
9.988386631011962891e-01 1.161317923106253147e-03
8.291696906089782715e-01 1.708302646875381470e-01
9.722664952278137207e-01 2.773348987102508545e-02
9.775847792625427246e-01 2.241524122655391693e-02
9.846606254577636719e-01 1.533938478678464890e-02
9.887090325355529785e-01 1.129094138741493225e-02
8.156445026397705078e-01 1.843554824590682983e-01
9.896174669265747070e-01 1.038247905671596527e-02
9.686073064804077148e-01 3.139262646436691284e-02
6.973810195922851562e-01 3.026190400123596191e-01
9.978045225143432617e-01 2.195499371737241745e-03
9.984654188156127930e-01 1.534539274871349335e-03
9.780133962631225586e-01 2.198661118745803833e-02
9.981244206428527832e-01 1.875637099146842957e-03
8.414217233657836914e-01 1.585782617330551147e-01
9.272572398185729980e-01 7.274283468723297119e-02
9.930806756019592285e-01 6.919304840266704559e-03
9.793092012405395508e-01 2.069079689681529999e-02
7.102907896041870117e-01 2.897092700004577637e-01
7.018552422523498535e-01 2.981447577476501465e-01
7.088853716850280762e-01 2.911145985126495361e-01
9.640896916389465332e-01 3.591036796569824219e-02
8.853483200073242188e-01 1.146516352891921997e-01
7.924765944480895996e-01 2.075233906507492065e-01
9.978439211845397949e-01 2.156086964532732964e-03
8.682827353477478027e-01 1.317173242568969727e-01
8.284821510314941406e-01 1.715179085731506348e-01
7.327271103858947754e-01 2.672728896141052246e-01
9.996816515922546387e-01 3.183631342835724354e-04
9.986900091171264648e-01 1.309948856942355633e-03
9.605507850646972656e-01 3.944922983646392822e-02
8.477888703346252441e-01 1.522111892700195312e-01
9.611086249351501465e-01 3.889136388897895813e-02
8.153096437454223633e-01 1.846903562545776367e-01
9.910942912101745605e-01 8.905713446438312531e-03
9.814968109130859375e-01 1.850319840013980865e-02
9.681387543678283691e-01 3.186124190688133240e-02
8.292282819747924805e-01 1.707716584205627441e-01
8.748974800109863281e-01 1.251025497913360596e-01
9.751432538032531738e-01 2.485675178468227386e-02
7.002041935920715332e-01 2.997957766056060791e-01
9.477540254592895508e-01 5.224597826600074768e-02
7.370485663414001465e-01 2.629514038562774658e-01
6.979485154151916504e-01 3.020514547824859619e-01
8.917499780654907227e-01 1.082500070333480835e-01
