1.593328639864921570e-02 9.840666651725769043e-01
3.508136793971061707e-02 9.649186134338378906e-01
1.949888654053211212e-02 9.805010557174682617e-01
2.253840491175651550e-02 9.774615764617919922e-01
1.184509042650461197e-02 9.881548881530761719e-01
5.460022389888763428e-02 9.453997611999511719e-01
2.065811119973659515e-02 9.793419241905212402e-01
4.504817351698875427e-02 9.549518227577209473e-01
5.780980736017227173e-02 9.421901702880859375e-01
1.401505991816520691e-02 9.859849810600280762e-01
1.955952309072017670e-02 9.804404973983764648e-01
1.665531471371650696e-02 9.833446741104125977e-01
1.601042412221431732e-02 9.839895367622375488e-01
4.054495692253112793e-02 9.594550728797912598e-01
1.335763093084096909e-02 9.866423606872558594e-01
1.903513632714748383e-02 9.809648394584655762e-01
5.461876094341278076e-02 9.453812241554260254e-01
3.586807847023010254e-02 9.641318917274475098e-01
1.238377019762992859e-02 9.876161813735961914e-01
4.904200509190559387e-02 9.509580135345458984e-01
1.448570378124713898e-02 9.855142831802368164e-01
1.122092921286821365e-02 9.887790679931640625e-01
1.986363902688026428e-02 9.801363348960876465e-01
2.368529327213764191e-02 9.763147234916687012e-01
5.625763535499572754e-02 9.437423348426818848e-01
1.682629808783531189e-02 9.831736683845520020e-01
8.637627586722373962e-03 9.913623332977294922e-01
9.579267352819442749e-03 9.904207587242126465e-01
7.604053616523742676e-02 9.239594340324401855e-01
1.717308163642883301e-02 9.828268885612487793e-01
1.543343532830476761e-02 9.845665693283081055e-01
7.462952286005020142e-02 9.253705143928527832e-01
1.273988187313079834e-02 9.872601032257080078e-01
6.863814312964677811e-03 9.931361675262451172e-01
2.071332186460494995e-02 9.792866706848144531e-01
1.279500126838684082e-02 9.872050285339355469e-01
1.255048997700214386e-02 9.874495267868041992e-01
6.461655348539352417e-02 9.353834390640258789e-01
5.182639136910438538e-02 9.481736421585083008e-01
4.362489655613899231e-02 9.563751220703125000e-01
5.681582167744636536e-02 9.431841969490051270e-01
5.782639235258102417e-02 9.421736001968383789e-01
1.936322078108787537e-02 9.806367158889770508e-01
3.631503880023956299e-02 9.636849761009216309e-01
5.957305803894996643e-02 9.404268860816955566e-01
1.773797161877155304e-02 9.822620153427124023e-01
4.568070918321609497e-02 9.543192982673645020e-01
5.480583384633064270e-02 9.451941251754760742e-01
4.459655657410621643e-02 9.554034471511840820e-01
1.104394323192536831e-03 9.988955855369567871e-01
9.995052814483642578e-01 4.946477129124104977e-04
9.987958073616027832e-01 1.204113941639661789e-03
9.103194475173950195e-01 8.968053013086318970e-02
6.923035979270935059e-01 3.076964318752288818e-01
9.992198944091796875e-01 7.800604798831045628e-04
9.994631409645080566e-01 5.368539714254438877e-04
8.405602574348449707e-01 1.594397425651550293e-01
9.719617962837219238e-01 2.803818881511688232e-02
9.777547121047973633e-01 2.224527113139629364e-02
9.847366213798522949e-01 1.526334416121244431e-02
9.900982975959777832e-01 9.901700541377067566e-03
7.982985377311706543e-01 2.017014920711517334e-01
9.909657835960388184e-01 9.034213609993457794e-03
9.682773351669311523e-01 3.172272443771362305e-02
6.916597485542297363e-01 3.083402514457702637e-01
9.986950159072875977e-01 1.304950448684394360e-03
9.992826581001281738e-01 7.173265330493450165e-04
9.826204776763916016e-01 1.737956330180168152e-02
9.989722371101379395e-01 1.027771853841841221e-03
8.423279523849487305e-01 1.576721221208572388e-01
9.170456528663635254e-01 8.295432478189468384e-02
9.946751594543457031e-01 5.324846133589744568e-03
9.781224727630615234e-01 2.187751419842243195e-02
7.065998315811157227e-01 2.934001386165618896e-01
6.916663646697998047e-01 3.083336651325225830e-01
7.078917622566223145e-01 2.921082377433776855e-01
9.637705683708190918e-01 3.622940182685852051e-02
8.904342055320739746e-01 1.095658093690872192e-01
8.079393506050109863e-01 1.920607089996337891e-01
9.988992214202880859e-01 1.100844005122780800e-03
8.604326248168945312e-01 1.395673751831054688e-01
8.277620077133178711e-01 1.722379922866821289e-01
7.184782624244689941e-01 2.815216779708862305e-01
9.998552799224853516e-01 1.446577371098101139e-04
9.993976354598999023e-01 6.023962050676345825e-04
9.675555825233459473e-01 3.244433552026748657e-02
8.633261322975158691e-01 1.366738826036453247e-01
9.623556137084960938e-01 3.764433041214942932e-02
8.100726604461669922e-01 1.899273246526718140e-01
9.905939102172851562e-01 9.406118653714656830e-03
9.837893843650817871e-01 1.621060259640216827e-02
9.678281545639038086e-01 3.217186778783798218e-02
8.075115084648132324e-01 1.924884915351867676e-01
8.638998866081237793e-01 1.361001133918762207e-01
9.747438430786132812e-01 2.525610476732254028e-02
6.995079517364501953e-01 3.004920482635498047e-01
9.392160177230834961e-01 6.078405678272247314e-02
7.305402159690856934e-01 2.694597244262695312e-01
6.772763133049011230e-01 3.227236866950988770e-01
8.985741734504699707e-01 1.014257818460464478e-01
