2.224875688552856445e-01 7.775124311447143555e-01
2.909438610076904297e-01 7.090560793876647949e-01
9.823549538850784302e-02 9.017644524574279785e-01
2.969147562980651855e-01 7.030852437019348145e-01
2.618007063865661621e-01 7.381993532180786133e-01
3.621030747890472412e-01 6.378969550132751465e-01
2.662256956100463867e-01 7.337743639945983887e-01
2.303580194711685181e-01 7.696419358253479004e-01
2.462722510099411011e-01 7.537276744842529297e-01
1.867819875478744507e-01 8.132179975509643555e-01
2.167297452688217163e-01 7.832701802253723145e-01
2.474681288003921509e-01 7.525318861007690430e-01
2.456971853971481323e-01 7.543027400970458984e-01
3.210948109626770020e-01 6.789051890373229980e-01
2.436333596706390381e-01 7.563666701316833496e-01
2.158474326133728027e-01 7.841526269912719727e-01
3.477109074592590332e-01 6.522890925407409668e-01
2.188073098659515381e-01 7.811927199363708496e-01
1.051899492740631104e-01 8.948100209236145020e-01
4.420302510261535645e-01 5.579697489738464355e-01
8.790399879217147827e-02 9.120960235595703125e-01
1.946549117565155029e-01 8.053451180458068848e-01
2.188221514225006104e-01 7.811778783798217773e-01
3.161636590957641602e-01 6.838362812995910645e-01
1.943672299385070801e-01 8.056327104568481445e-01
1.932436525821685791e-01 8.067563176155090332e-01
3.706561401486396790e-02 9.629343748092651367e-01
2.085100263357162476e-01 7.914899587631225586e-01
3.048235476016998291e-01 6.951764225959777832e-01
2.226085513830184937e-01 7.773914337158203125e-01
3.148253858089447021e-01 6.851745843887329102e-01
3.772748708724975586e-01 6.227251887321472168e-01
2.139765620231628418e-01 7.860234975814819336e-01
1.972172856330871582e-01 8.027827143669128418e-01
2.931944727897644043e-01 7.068055272102355957e-01
1.553983986377716064e-01 8.446016311645507812e-01
1.531707644462585449e-01 8.468292355537414551e-01
3.602237403392791748e-01 6.397762894630432129e-01
3.105714023113250732e-01 6.894285678863525391e-01
1.574542969465255737e-01 8.425457477569580078e-01
5.125179290771484375e-01 4.874820113182067871e-01
1.672763526439666748e-01 8.327236771583557129e-01
1.742996573448181152e-01 8.257002830505371094e-01
1.212533712387084961e-01 8.787466287612915039e-01
3.248047530651092529e-01 6.751952171325683594e-01
3.592389822006225586e-01 6.407610177993774414e-01
3.149369955062866211e-01 6.850630640983581543e-01
3.024218380451202393e-01 6.975781917572021484e-01
2.672730088233947754e-01 7.327269911766052246e-01
9.478753432631492615e-03 9.905212521553039551e-01
8.250527381896972656e-01 1.749472320079803467e-01
7.394854426383972168e-01 2.605145871639251709e-01
5.698671936988830566e-01 4.301327764987945557e-01
5.795882940292358398e-01 4.204117357730865479e-01
6.708215475082397461e-01 3.291784226894378662e-01
7.044483423233032227e-01 2.955516278743743896e-01
7.691355347633361816e-01 2.308644503355026245e-01
7.109234333038330078e-01 2.890765368938446045e-01
5.088272690773010254e-01 4.911727905273437500e-01
7.718452811241149902e-01 2.281547635793685913e-01
8.327689766883850098e-01 1.672310382127761841e-01
7.812103629112243652e-01 2.187896668910980225e-01
6.194427013397216797e-01 3.805572688579559326e-01
7.628584504127502441e-01 2.371415942907333374e-01
5.913969278335571289e-01 4.086030125617980957e-01
9.074088335037231445e-01 9.259118139743804932e-02
7.672757506370544434e-01 2.327242195606231689e-01
7.527339458465576172e-01 2.472660541534423828e-01
5.906926989555358887e-01 4.093073010444641113e-01
1.050280258059501648e-01 8.949719667434692383e-01
6.116594076156616211e-01 3.883405625820159912e-01
7.565265893936157227e-01 2.434734553098678589e-01
6.065578460693359375e-01 3.934421837329864502e-01
6.313685774803161621e-01 3.686314523220062256e-01
5.758643746376037598e-01 4.241356551647186279e-01
5.550333857536315918e-01 4.449666142463684082e-01
6.529340744018554688e-01 3.470659852027893066e-01
3.895655572414398193e-01 6.104344725608825684e-01
8.260669112205505371e-01 1.739331483840942383e-01
7.395734190940856934e-01 2.604266405105590820e-01
5.743328332901000977e-01 4.256671667098999023e-01
5.492658019065856934e-01 4.507342278957366943e-01
9.184501171112060547e-01 8.154988288879394531e-02
9.469565749168395996e-01 5.304340273141860962e-02
8.017303347587585449e-01 1.982696950435638428e-01
5.908909440040588379e-01 4.091090559959411621e-01
7.289004921913146973e-01 2.710994482040405273e-01
7.137340307235717773e-01 2.862659692764282227e-01
6.405197978019714355e-01 3.594802618026733398e-01
9.111397862434387207e-01 8.886020630598068237e-02
6.827684044837951660e-01 3.172315955162048340e-01
7.077232003211975098e-01 2.922767400741577148e-01
8.926464915275573730e-01 1.073534637689590454e-01
6.479665040969848633e-01 3.520334362983703613e-01
8.154001235961914062e-01 1.845999062061309814e-01
7.030436396598815918e-01 2.969563901424407959e-01
9.540023803710937500e-01 4.599766433238983154e-02
5.917552709579467773e-01 4.082447290420532227e-01
9.533201456069946289e-01 4.667990282177925110e-02
5.842742323875427246e-01 4.157256782054901123e-01
