4.196399077773094177e-02 9.580359458923339844e-01
6.690147519111633301e-02 9.330984950065612793e-01
3.933568298816680908e-02 9.606642723083496094e-01
5.561527609825134277e-02 9.443847537040710449e-01
4.338863119482994080e-02 9.566113352775573730e-01
8.856395632028579712e-02 9.114360213279724121e-01
4.937334731221199036e-02 9.506266713142395020e-01
7.175841927528381348e-02 9.282415509223937988e-01
7.959329336881637573e-02 9.204066395759582520e-01
4.213811829686164856e-02 9.578618407249450684e-01
4.966576769948005676e-02 9.503342509269714355e-01
4.466639831662178040e-02 9.553335905075073242e-01
4.487747326493263245e-02 9.551225304603576660e-01
7.066165655851364136e-02 9.293383359909057617e-01
4.536161944270133972e-02 9.546383619308471680e-01
4.531810432672500610e-02 9.546819329261779785e-01
8.067313581705093384e-02 9.193269014358520508e-01
6.082574278116226196e-02 9.391742348670959473e-01
3.246125206351280212e-02 9.675387144088745117e-01
8.493795245885848999e-02 9.150620102882385254e-01
3.231405839323997498e-02 9.676858782768249512e-01
3.521488606929779053e-02 9.647850990295410156e-01
4.777619242668151855e-02 9.522237777709960938e-01
5.301648378372192383e-02 9.469835162162780762e-01
7.751940190792083740e-02 9.224805831909179688e-01
4.949170723557472229e-02 9.505082368850708008e-01
1.693840138614177704e-02 9.830616116523742676e-01
3.580213710665702820e-02 9.641978144645690918e-01
9.610602259635925293e-02 9.038939476013183594e-01
4.743824526667594910e-02 9.525617361068725586e-01
4.386927932500839233e-02 9.561307430267333984e-01
1.045876145362854004e-01 8.954123854637145996e-01
4.084397107362747192e-02 9.591559767723083496e-01
3.135995939373970032e-02 9.686399698257446289e-01
5.547229200601577759e-02 9.445276856422424316e-01
3.707821667194366455e-02 9.629217386245727539e-01
3.435130044817924500e-02 9.656487107276916504e-01
1.003689840435981750e-01 8.996309638023376465e-01
8.320740610361099243e-02 9.167926311492919922e-01
6.437897682189941406e-02 9.356209635734558105e-01
8.746939152479171753e-02 9.125306010246276855e-01
7.686206698417663574e-02 9.231379032135009766e-01
4.639395698904991150e-02 9.536060094833374023e-01
5.715566873550415039e-02 9.428443312644958496e-01
8.561690896749496460e-02 9.143831729888916016e-01
5.187232047319412231e-02 9.481276869773864746e-01
8.131090551614761353e-02 9.186890721321105957e-01
8.591290563344955444e-02 9.140870571136474609e-01
7.451822608709335327e-02 9.254817962646484375e-01
3.434084588661789894e-03 9.965658783912658691e-01
9.826201200485229492e-01 1.737983524799346924e-02
9.781406521797180176e-01 2.185941487550735474e-02
8.821549415588378906e-01 1.178450658917427063e-01
7.603198885917663574e-01 2.396800667047500610e-01
9.755958318710327148e-01 2.440412342548370361e-02
9.807443618774414062e-01 1.925559900701045990e-02
8.673900961875915527e-01 1.326098740100860596e-01
9.392964839935302734e-01 6.070354208350181580e-02
9.455295801162719727e-01 5.447043851017951965e-02
9.680763483047485352e-01 3.192372620105743408e-02
9.672876000404357910e-01 3.271239995956420898e-02
8.404666781425476074e-01 1.595333516597747803e-01
9.682580232620239258e-01 3.174194321036338806e-02
9.508209824562072754e-01 4.917906969785690308e-02
7.633193731307983398e-01 2.366806864738464355e-01
9.848598241806030273e-01 1.514014787971973419e-02
9.809360504150390625e-01 1.906395144760608673e-02
9.454943537712097168e-01 5.450567230582237244e-02
9.748374223709106445e-01 2.516255527734756470e-02
8.583550453186035156e-01 1.416449695825576782e-01
9.100533723831176758e-01 8.994658291339874268e-02
9.738942384719848633e-01 2.610578201711177826e-02
9.575436711311340332e-01 4.245635494589805603e-02
7.719498276710510254e-01 2.280501425266265869e-01
7.637839913368225098e-01 2.362160086631774902e-01
7.659840583801269531e-01 2.340159416198730469e-01
9.474812746047973633e-01 5.251875892281532288e-02
8.815091252326965332e-01 1.184908896684646606e-01
8.494653105735778809e-01 1.505346894264221191e-01
9.760071635246276855e-01 2.399279549717903137e-02
8.635575771331787109e-01 1.364423781633377075e-01
8.486080169677734375e-01 1.513919383287429810e-01
8.443137407302856445e-01 1.556862443685531616e-01
9.938484430313110352e-01 6.151584442704916000e-03
9.807637333869934082e-01 1.923622749745845795e-02
9.218823909759521484e-01 7.811753451824188232e-02
8.719439506530761719e-01 1.280560195446014404e-01
9.295602440834045410e-01 7.043976336717605591e-02
8.269624710083007812e-01 1.730375736951828003e-01
9.814808368682861328e-01 1.851913519203662872e-02
9.479534626007080078e-01 5.204652622342109680e-02
9.421336650848388672e-01 5.786635354161262512e-02
8.719400167465209961e-01 1.280600130558013916e-01
8.753129839897155762e-01 1.246870085597038269e-01
9.608232378959655762e-01 3.917672112584114075e-02
7.551288604736328125e-01 2.448711395263671875e-01
9.585219025611877441e-01 4.147807881236076355e-02
7.985855937004089355e-01 2.014144212007522583e-01
8.555755615234375000e-01 1.444243937730789185e-01
8.508049249649047852e-01 1.491951346397399902e-01
